timestamps:
  login: 1645114526094
  logout: 1645115008173
ipAddress: 127.0.0.1
lastlocation:
  world: world
  x: -215.5
  y: 64.0
  z: 273.5
  yaw: 0.0
  pitch: 0.0
logoutlocation:
  world: world
  x: -449.67533143173404
  y: 66.0
  z: 507.7307620143363
  yaw: -127.63995
  pitch: 26.099995
