timestamps:
  login: 1646182747250
  logout: 1646182759596
  lastteleport: 1646152364508
ipAddress: 127.0.0.1
lastlocation:
  world: world
  x: -210.3804808409526
  y: 67.0
  z: 249.83393090765415
  yaw: 39.910103
  pitch: 54.767574
logoutlocation:
  world: world
  x: -578.1303932633755
  y: 64.0
  z: -382.8185879027659
  yaw: 317.11026
  pitch: -22.95001
homes:
  home:
    world: world
    x: -261.69999998807907
    y: 67.0
    z: 313.6421244063561
    yaw: 44.110233
    pitch: -0.7500081
afk: false
