timestamps:
  login: 1645316524042
  logout: 1645316857913
ipAddress: 127.0.0.1
lastlocation:
  world: world
  x: -439.24655454385606
  y: 10.100576988271785
  z: 329.20487671950036
  yaw: 4.6602097
  pitch: 37.799995
logoutlocation:
  world: world
  x: -210.3046404383045
  y: 67.0
  z: 249.54926548148748
  yaw: -0.5899048
  pitch: 89.41758
