timestamps:
  login: 1646071704298
  logout: 1646071737088
ipAddress: 127.0.0.1
lastlocation:
  world: world
  x: -209.28620029920324
  y: 67.0
  z: 248.83998769040534
  yaw: 180.6101
  pitch: 35.999996
logoutlocation:
  world: world
  x: -208.2358449041287
  y: 68.0
  z: 267.41449135231676
  yaw: 19.360098
  pitch: 20.699993
