timestamps:
  login: 1645805303983
  logout: 1645806998502
ipAddress: 127.0.0.1
lastlocation:
  world: world
  x: -167.067790630967
  y: 12.0
  z: 396.49998889803976
  yaw: 51.61035
  pitch: 90.0
logoutlocation:
  world: world
  x: -211.4141360504697
  y: 70.0
  z: 219.82681798357117
  yaw: 196.51012
  pitch: 3.617572
