timestamps:
  login: 1643835560145
  logout: 1643835674933
ipAddress: 127.0.0.1
lastlocation:
  world: world
  x: -175.69999998807907
  y: 64.30421341792974
  z: 125.30000001192093
  yaw: 324.76013
  pitch: -2.8324287
logoutlocation:
  world: world
  x: -210.3046404383045
  y: 67.0
  z: 249.54926548148748
  yaw: -35.83991
  pitch: 86.11758
