timestamps:
  login: 1645290131792
  logout: 1645290203661
ipAddress: 127.0.0.1
lastlocation:
  world: world
  x: -231.5
  y: 69.0
  z: 240.5
  yaw: 0.0
  pitch: 0.0
logoutlocation:
  world: world
  x: -207.49339939369906
  y: 75.0
  z: 248.44228791811284
  yaw: -0.13990474
  pitch: 13.067573
