timestamps:
  login: 1643637188110
  logout: 1643637192419
ipAddress: 127.0.0.1
lastlocation:
  world: world
  x: -215.5
  y: 67.0
  z: 254.5
  yaw: 0.0
  pitch: 0.0
logoutlocation:
  world: world
  x: -395.6420492809925
  y: 72.0
  z: 187.67893443555351
  yaw: 175.21014
  pitch: 19.067574
