timestamps:
  login: 1645917920760
  logout: 1645918355671
ipAddress: 127.0.0.1
lastlocation:
  world: world
  x: -194.5
  y: 69.0
  z: 265.5
  yaw: 0.0
  pitch: 0.0
logoutlocation:
  world: world
  x: -30.8027352492201
  y: 65.0
  z: 161.81608256102447
  yaw: 243.4602
  pitch: 23.999994
