timestamps:
  login: 1645541816307
  logout: 1645541875357
ipAddress: 127.0.0.1
lastlocation:
  world: world_nether
  x: -30.045868235515854
  y: 22.00801195587949
  z: -2.8233935514394872
  yaw: 236.41017
  pitch: -62.999996
logoutlocation:
  world: world
  x: -210.3046404383045
  y: 67.0
  z: 249.54926548148748
  yaw: -0.5899048
  pitch: 89.41758
