timestamps:
  login: 1643826242628
  logout: 1643826524751
ipAddress: 127.0.0.1
lastlocation:
  world: world
  x: -231.5
  y: 71.0
  z: 252.5
  yaw: 0.0
  pitch: 0.0
logoutlocation:
  world: world
  x: -52.10584803205238
  y: 69.0
  z: 295.5241542790624
  yaw: -59.49167
  pitch: 18.523497
