timestamps:
  login: 1646191619162
  logout: 1646191794715
ipAddress: 127.0.0.1
lastlocation:
  world: world
  x: -220.5
  y: 66.0
  z: 268.5
  yaw: 0.0
  pitch: 0.0
logoutlocation:
  world: world
  x: -3.6732027539489946
  y: 21.0
  z: 254.67135919195186
  yaw: 47.110138
  pitch: 30.899994
