timestamps:
  login: 1647867497155
  logout: 1647867560882
ipAddress: 127.0.0.1
lastlocation:
  world: world
  x: -199.5
  y: 69.0
  z: 267.5
  yaw: 0.0
  pitch: 0.0
logoutlocation:
  world: world
  x: -170.79051618152567
  y: 66.0
  z: 206.9389161444804
  yaw: 313.96014
  pitch: 37.950012
