timestamps:
  login: 1646069960874
  logout: 1646070027105
ipAddress: 127.0.0.1
lastlocation:
  world: world
  x: -196.30000001192093
  y: 69.65082795904767
  z: 277.69999998807907
  yaw: 157.51012
  pitch: 24.767572
logoutlocation:
  world: world
  x: -212.5000443880582
  y: 73.0
  z: 333.7644816965264
  yaw: 264.0101
  pitch: -49.049995
