timestamps:
  login: 1648072345517
  logout: 1648072400317
  lastteleport: 1646141984102
ipAddress: 127.0.0.1
lastlocation:
  world: world
  x: -208.5
  y: 65.0
  z: 250.5
  yaw: -1.4899013
  pitch: 0.91757107
logoutlocation:
  world: world
  x: -210.53048390100417
  y: 67.0
  z: 252.44713075646982
  yaw: -357.7686
  pitch: 17.299055
