lastlocation:
  world: world
  x: -217.09075780832555
  y: 68.0
  z: 255.39141111929476
  yaw: -155.08992
  pitch: 6.9175715
logoutlocation:
  world: world
  x: -210.49250382019562
  y: 68.0
  z: 249.91426754124666
  yaw: -2.2399013
  pitch: 0.91757107
timestamps:
  logout: 1646080945982
