timestamps:
  login: 1647370835206
  logout: 1643604031924
ipAddress: 127.0.0.1
lastlocation:
  world: world
  x: -199.5
  y: 70.0
  z: 268.5
  yaw: 0.0
  pitch: 0.0
nickname: cocockckc
logoutlocation:
  world: world
  x: -210.5
  y: 65.0
  z: 249.5
  yaw: -3.1399014
  pitch: 1.2175711
