timestamps:
  login: 1646239401907
  logout: 1646239436378
ipAddress: 127.0.0.1
lastlocation:
  world: world
  x: -216.5
  y: 70.0
  z: 226.5
  yaw: 0.0
  pitch: 0.0
logoutlocation:
  world: world
  x: -207.65709963165943
  y: 67.0
  z: 255.93356316642672
  yaw: -2.0899012
  pitch: 14.567573
