lastlocation:
  world: world
  x: -206.30000001192093
  y: 63.0
  z: 280.56179144762814
  yaw: 34.331482
  pitch: -41.55001
logoutlocation:
  world: world
  x: -210.53048390100417
  y: 67.0
  z: 252.44713075646982
  yaw: -359.56857
  pitch: 17.149055
timestamps:
  logout: 1647950749970
  login: 1647950690019
ipAddress: 127.0.0.1
