lastlocation:
  world: world
  x: -186.5
  y: 71.0
  z: 243.5
  yaw: 0.0
  pitch: 0.0
logoutlocation:
  world: world
  x: -201.62055076253577
  y: 69.0
  z: 254.55036296411646
  yaw: 12.7601
  pitch: 35.717575
timestamps:
  logout: 1646081299786
