timestamps:
  login: 1646142143389
  logout: 1646142163188
ipAddress: 127.0.0.1
logoutlocation:
  world: world
  x: -198.30000001192093
  y: 69.0
  z: 253.52479126689272
  yaw: -40.189903
  pitch: 2.8675714
