timestamps:
  login: 1646255570438
  logout: 1646255819717
ipAddress: 127.0.0.1
lastlocation:
  world: world
  x: -209.30000001192093
  y: 75.01427632843502
  z: 251.69999998807907
  yaw: 122.56011
  pitch: -26.832432
logoutlocation:
  world: world
  x: -60.39434760048869
  y: 59.0
  z: 424.3180099128536
  yaw: -38.539906
  pitch: 15.617573
