timestamps:
  login: 1646067279814
  logout: 1646068385319
ipAddress: 127.0.0.1
lastlocation:
  world: world
  x: -208.5
  y: 67.0
  z: 273.5
  yaw: 0.0
  pitch: 0.0
logoutlocation:
  world: world
  x: -149.32866590553326
  y: 74.0
  z: 378.5279002979351
  yaw: 83.260315
  pitch: 82.8
