timestamps:
  login: 1646100879176
  logout: 1646100889026
ipAddress: 127.0.0.1
lastlocation:
  world: world
  x: -186.5
  y: 71.0
  z: 264.5
  yaw: 0.0
  pitch: 0.0
logoutlocation:
  world: world
  x: -211.5
  y: 69.0
  z: 249.5
  yaw: -1.9399012
  pitch: 1.067571
