timestamps:
  login: 1646101070326
  logout: 1646101074026
ipAddress: 127.0.0.1
lastlocation:
  world: world
  x: -213.5
  y: 68.0
  z: 253.5
  yaw: 0.0
  pitch: 0.0
logoutlocation:
  world: world
  x: -210.5
  y: 68.0
  z: 249.5
  yaw: -2.9899013
  pitch: 4.6675715
