timestamps:
  login: 1643636689538
  logout: 1643636792384
ipAddress: 127.0.0.1
lastlocation:
  world: world
  x: -227.5
  y: 70.0
  z: 261.5
  yaw: 0.0
  pitch: 0.0
logoutlocation:
  world: world
  x: -213.98804035601606
  y: 66.53584062504456
  z: 208.13194367157203
  yaw: 190.51012
  pitch: 22.199993
