timestamps:
  login: 1645799735917
  logout: 1645799834633
ipAddress: 127.0.0.1
logoutlocation:
  world: world
  x: -212.69999998807907
  y: 67.0
  z: 252.14102041718343
  yaw: 273.16013
  pitch: 19.067574
