timestamps:
  login: 1646401386617
  logout: 1646401681792
ipAddress: 127.0.0.1
lastlocation:
  world: world
  x: -223.5
  y: 69.0
  z: 244.5
  yaw: 0.0
  pitch: 0.0
logoutlocation:
  world: world
  x: -304.30000001192093
  y: 21.0
  z: 264.6778593941003
  yaw: -15.740112
  pitch: 2.099992
