timestamps:
  login: 1647475926895
  logout: 1647477963970
ipAddress: 127.0.0.1
lastlocation:
  world: world
  x: -204.5
  y: 64.0
  z: 238.5
  yaw: 0.0
  pitch: 0.0
logoutlocation:
  world: world
  x: -83.50378368785334
  y: 27.0
  z: 518.3000000119209
  yaw: 25.641184
  pitch: 25.949995
