timestamps:
  login: 1643653055508
  logout: 1643653116840
ipAddress: 127.0.0.1
lastlocation:
  world: world
  x: -208.60428444224536
  y: 59.0
  z: 253.9956295906801
  yaw: -89.989914
  pitch: 9.299993
logoutlocation:
  world: world
  x: -136.2487712335608
  y: 52.0
  z: 158.43665417534316
  yaw: 102.46033
  pitch: -13.199993
