timestamps:
  login: 1643656400549
  logout: 1643656435840
ipAddress: 127.0.0.1
lastlocation:
  world: world
  x: -230.5
  y: 69.0
  z: 241.5
  yaw: 0.0
  pitch: 0.0
logoutlocation:
  world: world
  x: -210.5
  y: 67.0
  z: 249.5
  yaw: -0.7399048
  pitch: 89.56758
