timestamps:
  login: 1643832482405
  logout: 1643832534803
ipAddress: 127.0.0.1
lastlocation:
  world: world
  x: -222.5
  y: 67.0
  z: 248.5
  yaw: 0.0
  pitch: 0.0
logoutlocation:
  world: world
  x: -210.85010454377917
  y: 68.0
  z: 247.30000001192093
  yaw: 24.160097
  pitch: -3.7324286
