timestamps:
  login: 1643755686992
  logout: 1643756595042
ipAddress: 127.0.0.1
lastlocation:
  world: world
  x: -211.30000001192093
  y: 67.0
  z: 247.30000001192093
  yaw: 332.11014
  pitch: 13.349993
logoutlocation:
  world: world
  x: 97.98750424383559
  y: 66.0
  z: 313.69347421787256
  yaw: -167.27625
  pitch: 39.781807
