timestamps:
  login: 1646419919829
  logout: 1646420380201
ipAddress: 127.0.0.1
lastlocation:
  world: world
  x: -210.69999998807907
  y: 57.0
  z: 248.87446187393738
  yaw: 253.51012
  pitch: 34.817574
logoutlocation:
  world: world
  x: -272.6568592380732
  y: 73.0
  z: 241.88815088719656
  yaw: 226.5102
  pitch: 5.250008
afk: false
