lastlocation:
  world: world
  x: -219.5
  y: 66.0
  z: 247.5
  yaw: 0.0
  pitch: 0.0
logoutlocation:
  world: world
  x: -211.5
  y: 68.0
  z: 249.5
  yaw: -2.2399013
  pitch: 0.91757107
timestamps:
  logout: 1646062552662
  login: 1646062550442
ipAddress: 127.0.0.1
