timestamps:
  login: 1646062558606
  logout: 1646062561099
ipAddress: 127.0.0.1
logoutlocation:
  world: world
  x: -211.5
  y: 68.0
  z: 249.5
  yaw: -2.2399013
  pitch: 0.91757107
