timestamps:
  login: 1647643878688
  logout: 1647643885548
ipAddress: 127.0.0.1
lastlocation:
  world: world
  x: -216.5
  y: 68.0
  z: 276.5
  yaw: 0.0
  pitch: 0.0
logoutlocation:
  world: world
  x: -210.5
  y: 67.0
  z: 252.5
  yaw: 358.81015
  pitch: 18.15001
