timestamps:
  login: 1646413213195
ipAddress: 127.0.0.1
lastlocation:
  world: world
  x: -213.5
  y: 66.0
  z: 238.5
  yaw: 0.0
  pitch: 0.0
logoutlocation:
  world: world
  x: -206.34080863307585
  y: 69.0
  z: 259.11553815729116
  yaw: 130.66011
  pitch: 22.967573
