timestamps:
  login: 1643664510174
  logout: 1643664717023
ipAddress: 127.0.0.1
lastlocation:
  world: world
  x: -212.69999998807907
  y: 67.42527412219724
  z: 247.30000001192093
  yaw: 186.3101
  pitch: 25.049994
logoutlocation:
  world: world
  x: -246.13812461795905
  y: 71.0
  z: 278.4342037633959
  yaw: 185.5601
  pitch: 17.999994
