timestamps:
  login: 1646056332545
ipAddress: 127.0.0.1
lastlocation:
  world: world
  x: -206.5
  y: 65.0
  z: 253.5
  yaw: 0.0
  pitch: 0.0
logoutlocation:
  world: world
  x: -211.5
  y: 68.0
  z: 249.5
  yaw: -1.3399012
  pitch: 0.017570987
