timestamps:
  login: 1646077513747
  lastteleport: 1646077246800
  logout: 1646077520793
ipAddress: 127.0.0.1
lastlocation:
  world: world
  x: -222.0089723923226
  y: 68.0
  z: 245.64152452424662
  yaw: 124.66011
  pitch: 14.417572
logoutlocation:
  world: world
  x: -210.49250382019562
  y: 68.0
  z: 249.91426754124666
  yaw: 0.31009892
  pitch: 7.9675717
afk: false
homes:
  home:
    world: world
    x: -454.96476921922823
    y: 39.0
    z: 37.98493170066769
    yaw: 241.20996
    pitch: 19.199995
