timestamps:
  login: 1647530569287
  logout: 1647530670197
ipAddress: 127.0.0.1
lastlocation:
  world: world
  x: -179.5
  y: 64.0
  z: 279.5
  yaw: 0.0
  pitch: 0.0
logoutlocation:
  world: world
  x: -210.5
  y: 65.0
  z: 249.5
  yaw: -1.9399012
  pitch: 2.4175713
