timestamps:
  login: 1643834820099
  logout: 1643834880398
ipAddress: 127.0.0.1
lastlocation:
  world: world
  x: -185.5
  y: 70.0
  z: 255.5
  yaw: 0.0
  pitch: 0.0
logoutlocation:
  world: world
  x: -223.43512955889335
  y: 66.0
  z: 218.23741783636132
  yaw: 26.410097
  pitch: 21.467573
