timestamps:
  login: 1643838453460
  logout: 1643838463609
  lastteleport: 1643743457700
ipAddress: 127.0.0.1
lastlocation:
  world: world
  x: -210.3046404383045
  y: 67.0
  z: 249.54926548148748
  yaw: -0.5899048
  pitch: 89.41758
logoutlocation:
  world: world
  x: -419.1549520117882
  y: 31.0
  z: 181.63572691723326
  yaw: 171.83093
  pitch: 37.22158
