timestamps:
  login: 1643648030974
  logout: 1643648171585
ipAddress: 127.0.0.1
lastlocation:
  world: world
  x: -198.5
  y: 70.0
  z: 258.5
  yaw: 0.0
  pitch: 0.0
logoutlocation:
  world: world
  x: -210.1998068862669
  y: 67.0
  z: 249.60709058503187
  yaw: -266.08997
  pitch: -45.450012
