timestamps:
  login: 1646249359372
  logout: 1646249359553
ipAddress: 127.0.0.1
lastlocation:
  world: world
  x: -220.5
  y: 67.0
  z: 270.5
  yaw: 0.0
  pitch: 0.0
logoutlocation:
  world: world
  x: -211.5
  y: 68.0
  z: 250.5
  yaw: -2.2399013
  pitch: 0.91757107
