timestamps:
  login: 1647539565801
  lastteleport: 1646175681883
  logout: 1647539576151
ipAddress: 127.0.0.1
lastlocation:
  world: world
  x: -207.5
  y: 67.0
  z: 258.5
  yaw: 0.0
  pitch: 0.0
logoutlocation:
  world: world
  x: -210.5
  y: 65.0
  z: 249.5
  yaw: -0.7399012
  pitch: 4.8175716
