timestamps:
  login: 1643650076045
  logout: 1643650327001
ipAddress: 127.0.0.1
lastlocation:
  world: world
  x: -210.2812821769529
  y: 58.0
  z: 253.30000001192093
  yaw: -257.08994
  pitch: 83.55
logoutlocation:
  world: world
  x: -210.6228944316413
  y: 58.0
  z: 249.67994008118808
  yaw: -311.08994
  pitch: 6.1499925
