timestamps:
  login: 1646414212917
  lastteleport: 1646414337929
ipAddress: 127.0.0.1
lastlocation:
  world: world
  x: -201.35479894933158
  y: 63.0
  z: 252.6735549797146
  yaw: -271.9399
  pitch: 22.817574
logoutlocation:
  world: world
  x: -346.6936226393037
  y: 74.0
  z: 332.2751001742386
  yaw: 110.56021
  pitch: 1.667571
