timestamps:
  login: 1647977511959
  logout: 1647977890546
  lastteleport: 1647977846133
ipAddress: 127.0.0.1
lastlocation:
  world: world
  x: -208.35134212012224
  y: 67.0
  z: 259.99999848308914
  yaw: 22.181448
  pitch: 13.80001
logoutlocation:
  world: world
  x: -210.53048390100417
  y: 67.0
  z: 252.44713075646982
  yaw: -357.4686
  pitch: 17.299055
homes:
  home:
    world: world
    x: -198.21771949536966
    y: 91.0
    z: 233.30000001192093
    yaw: 71.08153
    pitch: 38.59906
