timestamps:
  login: 1647532368496
  logout: 1647532399104
ipAddress: 127.0.0.1
lastlocation:
  world: world
  x: -216.5
  y: 64.0
  z: 276.5
  yaw: 0.0
  pitch: 0.0
logoutlocation:
  world: world
  x: -210.5
  y: 65.0
  z: 249.5
  yaw: -2.2399013
  pitch: 0.91757107
