timestamps:
  login: 1643655298566
  logout: 1643655868210
ipAddress: 127.0.0.1
lastlocation:
  world: world
  x: -499.72632077972276
  y: 68.0
  z: 225.30000001192093
  yaw: -4.789911
  pitch: 23.85001
logoutlocation:
  world: world
  x: -210.3046404383045
  y: 67.0
  z: 249.54926548148748
  yaw: -0.5899048
  pitch: 89.41758
