timestamps:
  login: 1646369382613
  logout: 1646369487107
ipAddress: 127.0.0.1
lastlocation:
  world: world
  x: -212.5
  y: 62.0
  z: 263.5
  yaw: 0.0
  pitch: 0.0
logoutlocation:
  world: world
  x: -210.5
  y: 64.0
  z: 249.5
  yaw: -2.2399013
  pitch: 0.91757107
