timestamps:
  login: 1646069737314
  logout: 1646069797195
ipAddress: 127.0.0.1
lastlocation:
  world: world
  x: -197.5
  y: 70.0
  z: 238.5
  yaw: 0.0
  pitch: 0.0
logoutlocation:
  world: world
  x: -210.73773899528186
  y: 68.0
  z: 252.1280007368127
  yaw: 180.76012
  pitch: -12.599993
