timestamps:
  login: 1645813637416
  logout: 1645813766012
ipAddress: 127.0.0.1
lastlocation:
  world: world
  x: -212.41992288983306
  y: 70.0
  z: 235.30000001192093
  yaw: 1.9601135
  pitch: 23.099995
afk: false
logoutlocation:
  world: world
  x: -231.69999998807907
  y: 64.0
  z: 184.30000001192093
  yaw: 224.56012
  pitch: 11.267572
