timestamps:
  login: 1646226868362
  logout: 1646226876112
  lastteleport: 1646153999506
ipAddress: 127.0.0.1
lastlocation:
  world: world
  x: -210.49250382019562
  y: 70.0
  z: 249.91426754124666
  yaw: -2.2399013
  pitch: 0.91757107
logoutlocation:
  world: world
  x: -210.69999998807907
  y: 67.0
  z: 249.69999998807907
  yaw: 97.06016
  pitch: -21.882431
