timestamps:
  login: 1645809965503
  logout: 1645809971048
  lastteleport: 1645677914614
ipAddress: 127.0.0.1
lastlocation:
  world: world
  x: -210.3046404383045
  y: 67.0
  z: 249.54926548148748
  yaw: -0.5899048
  pitch: 89.41758
afk: false
logoutlocation:
  world: world
  x: -255.87450867258633
  y: 69.0
  z: 553.0495764179316
  yaw: -17.089966
  pitch: 12.899993
