timestamps:
  login: 1647888188967
  logout: 1647888226376
  lastteleport: 1647478143437
ipAddress: 127.0.0.1
lastlocation:
  world: world
  x: -218.5
  y: 65.0
  z: 228.5
  yaw: 0.0
  pitch: 0.0
logoutlocation:
  world: world
  x: 1911.034381936402
  y: 76.0
  z: -275.7362848356547
  yaw: -275.89532
  pitch: 11.099994
homes:
  home:
    world: world
    x: 517.3000000119209
    y: 12.0
    z: 403.99607872618304
    yaw: 174.36447
    pitch: 31.349995
money: '315.0'
afk: false
