timestamps:
  login: 1643827797624
  logout: 1643828353880
ipAddress: 127.0.0.1
lastlocation:
  world: world
  x: -203.69999998807907
  y: 67.0
  z: 269.75330768423777
  yaw: 99.76011
  pitch: 6.299992
logoutlocation:
  world: world
  x: -210.8801292633866
  y: 68.0
  z: 243.300000011921
  yaw: 330.91016
  pitch: -37.594933
