timestamps:
  login: 1643828933021
  logout: 1643829093872
ipAddress: 127.0.0.1
lastlocation:
  world: world
  x: -211.5
  y: 68.0
  z: 272.5
  yaw: 0.0
  pitch: 0.0
logoutlocation:
  world: world
  x: -249.27846633729158
  y: 74.0
  z: 198.3000000119209
  yaw: 152.86017
  pitch: 6.6175723
