timestamps:
  login: 1646408205568
  lastteleport: 1646405964777
  logout: 1646408888672
ipAddress: 127.0.0.1
lastlocation:
  world: world
  x: -210.49250382019562
  y: 64.94199995994562
  z: 249.91426754124666
  yaw: 16.3601
  pitch: 0.017570987
logoutlocation:
  world: world
  x: -147.3457823201204
  y: 74.0
  z: -210.41089692021
  yaw: 239.55188
  pitch: 72.36323
afk: false
