timestamps:
  login: 1643826243150
  logout: 1643826409399
ipAddress: 127.0.0.1
lastlocation:
  world: world
  x: -213.73897158244912
  y: 69.0
  z: 242.1804071828559
  yaw: -185.98991
  pitch: 5.717572
logoutlocation:
  world: world
  x: -240.81875355631033
  y: 64.0
  z: 110.8964659087121
  yaw: -133.33997
  pitch: 31.499994
afk: false
