timestamps:
  login: 1647022770454
  logout: 1647022788698
ipAddress: 127.0.0.1
lastlocation:
  world: world
  x: -201.5
  y: 67.0
  z: 270.5
  yaw: 0.0
  pitch: 0.0
logoutlocation:
  world: world
  x: -145.84596250202097
  y: 63.0
  z: 432.1791294050641
  yaw: 18.910126
  pitch: 32.399994
