timestamps:
  login: 1646168749477
  lastteleport: 1646162027598
  logout: 1646168871271
ipAddress: 127.0.0.1
lastlocation:
  world: world
  x: -255.3000000119209
  y: 25.0
  z: 369.4345524769549
  yaw: 182.56012
  pitch: -20.68243
logoutlocation:
  world: world
  x: -230.69999998807907
  y: 64.0
  z: 208.30000001192093
  yaw: 127.95001
  pitch: -2.2500083
