timestamps:
  login: 1643834682782
  logout: 1643834803991
ipAddress: 127.0.0.1
lastlocation:
  world: world
  x: -203.5
  y: 70.0
  z: 230.5
  yaw: 0.0
  pitch: 0.0
logoutlocation:
  world: world
  x: -124.47756029770593
  y: 70.0
  z: 156.04882597476725
  yaw: -93.28991
  pitch: -24.58243
