timestamps:
  login: 1646103424704
  logout: 1646103429059
ipAddress: 127.0.0.1
lastlocation:
  world: world
  x: -204.5
  y: 74.0
  z: 272.5
  yaw: 0.0
  pitch: 0.0
logoutlocation:
  world: world
  x: -211.5
  y: 69.0
  z: 249.5
  yaw: -2.2399013
  pitch: 0.91757107
