timestamps:
  login: 1645316473075
  logout: 1645316522740
ipAddress: 127.0.0.1
lastlocation:
  world: world
  x: -213.5
  y: 70.0
  z: 229.5
  yaw: 0.0
  pitch: 0.0
logoutlocation:
  world: world
  x: -209.5578556644283
  y: 75.0
  z: 247.69999998807907
  yaw: -329.53998
  pitch: 24.767574
