timestamps:
  login: 1646249898276
ipAddress: 127.0.0.1
lastlocation:
  world: world
  x: -203.5
  y: 68.0
  z: 239.5
  yaw: 0.0
  pitch: 0.0
logoutlocation:
  world: world
  x: -211.5
  y: 68.0
  z: 250.5
  yaw: 0.16009891
  pitch: -2.6824293
