timestamps:
  login: 1646165807960
  logout: 1646165827511
ipAddress: 127.0.0.1
lastlocation:
  world: world
  x: -210.5
  y: 67.0
  z: 249.5
  yaw: -3.4399016
  pitch: 4.9675713
logoutlocation:
  world: world
  x: -210.49250382019562
  y: 71.0
  z: 249.91426754124666
  yaw: -2.2399013
  pitch: 0.91757107
