timestamps:
  login: 1643652131960
  lastteleport: 1643652256539
  logout: 1643652341959
ipAddress: 127.0.0.1
lastlocation:
  world: world
  x: -210.3046404383045
  y: 67.0
  z: 249.54926548148748
  yaw: -0.5899048
  pitch: 89.41758
logoutlocation:
  world: world
  x: 56.516194218988495
  y: 12.0
  z: 277.30000001192093
  yaw: -286.49985
  pitch: 8.099993
