timestamps:
  login: 1643647013012
ipAddress: 127.0.0.1
logoutlocation:
  world: world
  x: -230.5
  y: 70.0
  z: 270.5
  yaw: 6.1500006
  pitch: -1.0500001
lastlocation:
  world: world
  x: -230.5
  y: 70.0
  z: 270.5
  yaw: 0.0
  pitch: 0.0
