timestamps:
  login: 1646071731101
  logout: 1646071761783
ipAddress: 127.0.0.1
lastlocation:
  world: world
  x: -188.5
  y: 70.0
  z: 265.5
  yaw: 0.0
  pitch: 0.0
logoutlocation:
  world: world
  x: -210.5
  y: 68.0
  z: 249.5
  yaw: -1.7899013
  pitch: 0.46757102
