timestamps:
  login: 1646425736315
  logout: 1646425795658
ipAddress: 127.0.0.1
lastlocation:
  world: world
  x: -201.5
  y: 66.0
  z: 256.5
  yaw: 0.0
  pitch: 0.0
logoutlocation:
  world: world
  x: -230.69999998807907
  y: 56.0
  z: 254.30000001192096
  yaw: -224.23991
  pitch: -74.98244
