timestamps:
  login: 1645906091541
  logout: 1645908757129
ipAddress: 127.0.0.1
lastlocation:
  world: world
  x: -215.0093336603654
  y: 30.0
  z: 247.4609193915871
  yaw: 196.96011
  pitch: 74.41758
logoutlocation:
  world: world
  x: -209.41534939727904
  y: 11.0
  z: 315.7309997582517
  yaw: 198.16028
  pitch: 14.999993
