timestamps:
  login: 1646231238905
  logout: 1646231298541
ipAddress: 127.0.0.1
lastlocation:
  world: world
  x: -211.5
  y: 57.0
  z: 266.5
  yaw: 0.0
  pitch: 0.0
logoutlocation:
  world: world
  x: -210.5
  y: 67.0
  z: 249.5
  yaw: -2.2399013
  pitch: 0.91757107
