timestamps:
  login: 1643858054059
  logout: 1643858431109
  lastteleport: 1643858340489
ipAddress: 127.0.0.1
lastlocation:
  world: world
  x: -210.3046404383045
  y: 67.0
  z: 249.54926548148748
  yaw: -0.5899048
  pitch: 89.41758
logoutlocation:
  world: world
  x: 100.69999998807907
  y: 66.0
  z: 316.69999998807907
  yaw: 136.96014
  pitch: 1.0499918
