timestamps:
  login: 1643641761893
  logout: 1643642558743
ipAddress: 127.0.0.1
lastlocation:
  world: world
  x: -199.5
  y: 68.0
  z: 273.5
  yaw: 0.0
  pitch: 0.0
logoutlocation:
  world: world
  x: -102.50910265502947
  y: 65.0
  z: -16.300000011920936
  yaw: -214.9433
  pitch: 90.0
