timestamps:
  login: 1643644622930
  logout: 1643644672680
ipAddress: 127.0.0.1
lastlocation:
  world: world
  x: -232.5
  y: 68.0
  z: 232.5
  yaw: 0.0
  pitch: 0.0
logoutlocation:
  world: world
  x: -210.5
  y: 67.0
  z: 249.5
  yaw: 36.010098
  pitch: -47.25001
