timestamps:
  login: 1646335666153
  logout: 1646336660652
  lastteleport: 1646336061089
ipAddress: 127.0.0.1
lastlocation:
  world: world
  x: -210.49250382019562
  y: 64.94199995994562
  z: 249.91426754124666
  yaw: 7.3601
  pitch: 29.567574
logoutlocation:
  world: world
  x: -105.47083764863625
  y: 11.0
  z: 43.7357381305668
  yaw: 125.2605
  pitch: 65.549995
afk: false
