timestamps:
  login: 1646922766011
  logout: 1646922794732
ipAddress: 127.0.0.1
logoutlocation:
  world: world
  x: -204.94318145924626
  y: 66.0
  z: 242.39265687830473
  yaw: -152.53992
  pitch: 44.567574
