timestamps:
  login: 1646421026230
  logout: 1646421173449
ipAddress: 127.0.0.1
lastlocation:
  world: world
  x: -209.68209238242582
  y: 9.910874970495703
  z: 321.2814677043553
  yaw: 97.9601
  pitch: 2.0999918
logoutlocation:
  world: world_nether
  x: -50.75874371171455
  y: 72.0
  z: 24.055197057568037
  yaw: -317.53995
  pitch: -29.382431
