timestamps:
  login: 1646413066502
  logout: 1645820173152
ipAddress: 127.0.0.1
lastlocation:
  world: world
  x: -186.08079071212381
  y: 77.0
  z: 331.69999998807907
  yaw: -29.089935
  pitch: 17.567574
logoutlocation:
  world: world
  x: -210.49250382019562
  y: 63.961999940872104
  z: 249.91426754124666
  yaw: -22.339903
  pitch: -0.28242904
