timestamps:
  login: 1646239317863
  logout: 1646239473019
ipAddress: 127.0.0.1
lastlocation:
  world: world
  x: -233.5
  y: 69.0
  z: 235.5
  yaw: 0.0
  pitch: 0.0
logoutlocation:
  world: world_nether
  x: -35.99072581215855
  y: 71.0
  z: 4.2537923080703886
  yaw: -325.48993
  pitch: 3.1499922
