timestamps:
  login: 1643832030205
  logout: 1643832068871
ipAddress: 127.0.0.1
lastlocation:
  world: world
  x: -299.69999998807907
  y: 56.0
  z: 93.57132441454156
  yaw: 127.81015
  pitch: -90.0
logoutlocation:
  world: world
  x: -210.3046404383045
  y: 67.0
  z: 249.54926548148748
  yaw: -0.5899048
  pitch: 89.41758
