timestamps:
  login: 1646961676008
  logout: 1646961735165
ipAddress: 127.0.0.1
lastlocation:
  world: world
  x: -201.5
  y: 70.0
  z: 234.5
  yaw: 0.0
  pitch: 0.0
logoutlocation:
  world: world
  x: -210.46811261226372
  y: 67.0
  z: 249.56339009248748
  yaw: -0.75430495
  pitch: 88.95
