timestamps:
  login: 1646930259942
  logout: 1646931010185
  lastteleport: 1646930953848
ipAddress: 127.0.0.1
lastlocation:
  world: world
  x: -210.49250382019562
  y: 68.0
  z: 249.91426754124666
  yaw: -2.2399013
  pitch: 0.91757107
logoutlocation:
  world: world
  x: -684.0365093808731
  y: 55.0
  z: 1930.9938052389864
  yaw: 187.0088
  pitch: 36.149998
afk: false
