timestamps:
  login: 1645882497084
  logout: 1645883644862
ipAddress: 127.0.0.1
lastlocation:
  world: world
  x: -211.2570717626411
  y: 23.0
  z: 197.30000001192093
  yaw: 269.48517
  pitch: 81.75
logoutlocation:
  world: world
  x: -47.94244084366714
  y: 55.0
  z: 39.38963860789008
  yaw: 234.31018
  pitch: -26.099995
