timestamps:
  login: 1646079707341
  logout: 1646079707342
ipAddress: 127.0.0.1
lastlocation:
  world: world
  x: -196.5
  y: 70.0
  z: 251.5
  yaw: 0.0
  pitch: 0.0
logoutlocation:
  world: world
  x: -207.30000001192093
  y: 68.0
  z: 247.98876033032997
  yaw: -80.38991
  pitch: 17.399994
