timestamps:
  login: 1646079527570
  logout: 1646079418695
ipAddress: 127.0.0.1
lastlocation:
  world: world
  x: -200.5
  y: 70.0
  z: 232.5
  yaw: 0.0
  pitch: 0.0
logoutlocation:
  world: world
  x: -210.5
  y: 68.0
  z: 249.5
  yaw: -1.7899013
  pitch: 2.4175713
