timestamps:
  login: 1646079505032
  logout: 1646079617317
ipAddress: 127.0.0.1
lastlocation:
  world: world
  x: -194.5
  y: 68.0
  z: 269.5
  yaw: 0.0
  pitch: 0.0
logoutlocation:
  world: world
  x: -326.2098209011647
  y: 74.0
  z: 282.93139028117923
  yaw: -137.98996
  pitch: 87.16758
