timestamps:
  login: 1643727598630
  logout: 1643727625676
ipAddress: 127.0.0.1
lastlocation:
  world: world
  x: -216.5
  y: 65.0
  z: 255.5
  yaw: 0.0
  pitch: 0.0
logoutlocation:
  world: world
  x: -210.5
  y: 67.0
  z: 249.5
  yaw: -0.28990474
  pitch: 84.91758
