timestamps:
  login: 1646427978840
  logout: 1646427947424
ipAddress: 127.0.0.1
lastlocation:
  world: world
  x: -195.5
  y: 69.0
  z: 248.5
  yaw: 0.0
  pitch: 0.0
logoutlocation:
  world: world
  x: -206.92642731800436
  y: 65.0
  z: 251.73449337074268
  yaw: -157.33992
  pitch: 75.45
