timestamps:
  login: 1646079816768
ipAddress: 127.0.0.1
lastlocation:
  world: world
  x: -189.5
  y: 70.0
  z: 233.5
  yaw: 0.0
  pitch: 0.0
logoutlocation:
  world: world
  x: -209.95665222574476
  y: 69.0155550727022
  z: 253.09872703311055
  yaw: -11.389902
  pitch: 15.767572
