timestamps:
  login: 1643647651240
  logout: 1643647677132
ipAddress: 127.0.0.1
lastlocation:
  world: world
  x: -231.5
  y: 73.0
  z: 224.5
  yaw: 0.0
  pitch: 0.0
logoutlocation:
  world: world
  x: -210.5
  y: 67.0
  z: 249.5
  yaw: -7.1810737
  pitch: 88.901474
