timestamps:
  login: 1646426768388
  logout: 1646427287529
ipAddress: 127.0.0.1
lastlocation:
  world: world
  x: -168.69999998807907
  y: 51.0
  z: 332.69999998807907
  yaw: 185.1106
  pitch: 55.949997
logoutlocation:
  world: world
  x: -192.24910791025843
  y: 10.621600046157821
  z: 244.0872430526064
  yaw: 184.06024
  pitch: -5.4000087
