timestamps:
  login: 1643664498325
  logout: 1643664554523
ipAddress: 127.0.0.1
lastlocation:
  world: world
  x: -87.69999998807907
  y: 62.0
  z: 77.69999998807907
  yaw: 93.46033
  pitch: 58.949997
logoutlocation:
  world: world
  x: -671.4730092184443
  y: 70.0
  z: 331.3845158697012
  yaw: 71.7101
  pitch: 11.550009
