timestamps:
  login: 1647460742628
  logout: 1647460783277
ipAddress: 127.0.0.1
lastlocation:
  world: world
  x: -195.5
  y: 66.0
  z: 233.5
  yaw: 0.0
  pitch: 0.0
logoutlocation:
  world: world
  x: -210.5
  y: 65.0
  z: 249.5
  yaw: -3.1399014
  pitch: 1.5175711
