timestamps:
  login: 1646146634916
  logout: 1646146880966
ipAddress: 127.0.0.1
lastlocation:
  world: world
  x: -186.5
  y: 70.0
  z: 228.5
  yaw: 0.0
  pitch: 0.0
logoutlocation:
  world: world
  x: -151.01898568969477
  y: 72.0
  z: 247.1627472742417
  yaw: 5.8602295
  pitch: 39.017574
