timestamps:
  login: 1646920009672
  logout: 1646920047281
ipAddress: 127.0.0.1
lastlocation:
  world: world
  x: -220.5
  y: 63.0
  z: 261.5
  yaw: 0.0
  pitch: 0.0
logoutlocation:
  world: world
  x: -200.21809700944533
  y: 69.0
  z: 255.56234640948963
  yaw: -228.60236
  pitch: 24.735678
