timestamps:
  login: 1646422196941
  logout: 1646422207991
ipAddress: 127.0.0.1
lastlocation:
  world: world
  x: -208.30000001192093
  y: 68.0
  z: 245.69999998807907
  yaw: -349.93994
  pitch: 24.299994
logoutlocation:
  world: world
  x: -210.49250382019562
  y: 67.0
  z: 249.91426754124666
  yaw: -2.2399013
  pitch: 0.91757107
