timestamps:
  login: 1643634822120
  logout: 1643634850171
ipAddress: 127.0.0.1
lastlocation:
  world: world
  x: -194.5
  y: 70.0
  z: 249.5
  yaw: 0.0
  pitch: 0.0
logoutlocation:
  world: world
  x: -210.5
  y: 67.0
  z: 249.5
  yaw: -0.7399048
  pitch: 88.66758
