timestamps:
  login: 1646157631107
  logout: 1646157941223
  lastteleport: 1646151516604
ipAddress: 127.0.0.1
lastlocation:
  world: world
  x: -104.91046608724875
  y: 72.24918707874468
  z: 232.33996263988777
  yaw: 203.86012
  pitch: 12.167571
logoutlocation:
  world: world
  x: -191.69999998807907
  y: 59.0
  z: 462.5570597451742
  yaw: 355.20966
  pitch: -2.5500083
