timestamps:
  login: 1646148354245
  logout: 1646148329694
ipAddress: 127.0.0.1
lastlocation:
  world: world
  x: -198.5
  y: 67.0
  z: 267.5
  yaw: 0.0
  pitch: 0.0
logoutlocation:
  world: world
  x: -234.89363918008226
  y: 71.0
  z: 269.97804128744076
  yaw: 243.76012
  pitch: 15.60001
