timestamps:
  login: 1646163982558
  lastteleport: 1646155276800
  logout: 1646164095858
ipAddress: 127.0.0.1
lastlocation:
  world: world
  x: -210.49250382019562
  y: 71.0
  z: 249.91426754124666
  yaw: 1.510099
  pitch: -11.53243
logoutlocation:
  world: world
  x: 11.9295982250732
  y: 58.0
  z: 384.37053462496533
  yaw: -0.28996643
  pitch: 6.299992
