timestamps:
  login: 1646159277678
  logout: 1646159337577
ipAddress: 127.0.0.1
lastlocation:
  world: world
  x: -210.5
  y: 70.0
  z: 233.5
  yaw: 0.0
  pitch: 0.0
logoutlocation:
  world: world
  x: -210.5
  y: 56.0
  z: 249.5
  yaw: -1.9399012
  pitch: 0.61757106
