timestamps:
  login: 1646415527670
ipAddress: 127.0.0.1
lastlocation:
  world: world
  x: -215.5
  y: 85.0
  z: 255.5
  yaw: 0.0
  pitch: 0.0
logoutlocation:
  world: world
  x: -210.5
  y: 64.0
  z: 249.5
  yaw: -2.2399013
  pitch: 0.91757107
