lastlocation:
  world: world
  x: -212.1548307202273
  y: 67.5
  z: 247.3174773599503
  yaw: -193.48993
  pitch: 31.199995
logoutlocation:
  world: world
  x: -176.30000001192093
  y: 57.0
  z: 325.1713516785726
  yaw: 356.26025
  pitch: 46.499996
timestamps:
  logout: 1643638600671
