timestamps:
  login: 1646064669701
  logout: 1646064695571
ipAddress: 127.0.0.1
lastlocation:
  world: world
  x: -221.5
  y: 67.0
  z: 246.5
  yaw: 0.0
  pitch: 0.0
logoutlocation:
  world: world
  x: -209.00834164720183
  y: 62.0
  z: 265.69999998807907
  yaw: 38.110104
  pitch: 59.26758
