timestamps:
  login: 1643822613146
  logout: 1643822639353
ipAddress: 127.0.0.1
lastlocation:
  world: world
  x: -220.5
  y: 66.0
  z: 253.5
  yaw: 0.0
  pitch: 0.0
logoutlocation:
  world: world
  x: -210.5
  y: 67.0
  z: 249.5
  yaw: 0.31009528
  pitch: 80.11758
