timestamps:
  login: 1643813619077
  logout: 1643813678145
ipAddress: 127.0.0.1
lastlocation:
  world: world
  x: -191.5
  y: 70.0
  z: 244.5
  yaw: 0.0
  pitch: 0.0
logoutlocation:
  world: world
  x: -210.5
  y: 67.0
  z: 249.5
  yaw: -9.889906
  pitch: 88.96758
