timestamps:
  login: 1646139279888
  logout: 1646139315688
ipAddress: 127.0.0.1
lastlocation:
  world: world
  x: -222.5
  y: 67.0
  z: 251.5
  yaw: 0.0
  pitch: 0.0
logoutlocation:
  world: world
  x: -211.5
  y: 69.0
  z: 249.5
  yaw: -1.3399012
  pitch: 3.6175714
