timestamps:
  login: 1646429305226
  logout: 1646428249751
  lastteleport: 1646427722024
ipAddress: 127.0.0.1
lastlocation:
  world: world
  x: -210.49250382019562
  y: 65.0
  z: 249.91426754124666
  yaw: -2.2399013
  pitch: 1.067571
logoutlocation:
  world: world
  x: -557.3000000119209
  y: 5.0
  z: -130.74318727719236
  yaw: 45.97998
  pitch: 12.600009
afk: false
