timestamps:
  login: 1645637475528
  logout: 1645637603828
  lastteleport: 1645637362394
ipAddress: 127.0.0.1
lastlocation:
  world: world
  x: -210.3046404383045
  y: 67.0
  z: 249.54926548148748
  yaw: -0.5899048
  pitch: 89.41758
logoutlocation:
  world: world
  x: -564.6999999880791
  y: 10.0
  z: 558.6999999880791
  yaw: -9.889882
  pitch: -66.45001
