timestamps:
  login: 1646415641383
  logout: 1646335283255
ipAddress: 127.0.0.1
lastlocation:
  world: world
  x: -197.5
  y: 66.0
  z: 271.5
  yaw: 0.0
  pitch: 0.0
logoutlocation:
  world: world
  x: -248.36552126811216
  y: 72.0
  z: 266.98261541626664
  yaw: 25.960144
  pitch: 1.3675711
