timestamps:
  login: 1643750217950
  logout: 1643750336121
ipAddress: 127.0.0.1
lastlocation:
  world: world
  x: -190.5
  y: 69.0
  z: 227.5
  yaw: 0.0
  pitch: 0.0
logoutlocation:
  world: world
  x: -173.8855913028112
  y: 69.0
  z: 293.5889866911758
  yaw: -65.38995
  pitch: 5.417572
