timestamps:
  login: 1646163503343
  logout: 1646163548199
ipAddress: 127.0.0.1
lastlocation:
  world: world
  x: -209.5
  y: 75.0
  z: 250.5
  yaw: 0.0
  pitch: 0.0
logoutlocation:
  world: world
  x: -256.98038450207764
  y: 74.0
  z: 232.91033062021162
  yaw: 94.960106
  pitch: 47.567574
