timestamps:
  login: 1643734538129
  logout: 1643734598177
ipAddress: 127.0.0.1
lastlocation:
  world: world
  x: -217.5
  y: 69.0
  z: 235.5
  yaw: 0.0
  pitch: 0.0
logoutlocation:
  world: world
  x: -166.30000001192093
  y: 67.0
  z: 120.69999998807909
  yaw: 238.21011
  pitch: 10.217572
