timestamps:
  login: 1643823128370
  lastteleport: 1643823336540
  logout: 1643823370745
ipAddress: 127.0.0.1
lastlocation:
  world: world
  x: -210.3046404383045
  y: 67.0
  z: 249.54926548148748
  yaw: -0.5899048
  pitch: 89.41758
logoutlocation:
  world: world
  x: -245.0149363036813
  y: 69.0
  z: 340.2065756603121
  yaw: -165.43997
  pitch: -89.7
