timestamps:
  login: 1646254925183
  logout: 1646255512570
ipAddress: 127.0.0.1
lastlocation:
  world: world
  x: -187.69999998807907
  y: 65.0
  z: 181.91364311102643
  yaw: -69.13991
  pitch: 30.467573
logoutlocation:
  world: world
  x: -184.4586256530788
  y: 68.0
  z: 173.69999998807907
  yaw: 3.760498
  pitch: -0.7500081
