timestamps:
  login: 1643741358663
  logout: 1643741472113
ipAddress: 127.0.0.1
lastlocation:
  world: world
  x: -61.30000001192093
  y: 27.0
  z: 235.69999998807907
  yaw: -221.83998
  pitch: 31.199993
logoutlocation:
  world: world
  x: -184.64238197118655
  y: 64.0
  z: 185.30000001192093
  yaw: 186.1601
  pitch: -4.80001
