timestamps:
  login: 1643833079817
  logout: 1643833140902
ipAddress: 127.0.0.1
lastlocation:
  world: world
  x: -211.5
  y: 76.0
  z: 233.5
  yaw: 0.0
  pitch: 0.0
logoutlocation:
  world: world
  x: -210.5
  y: 67.0
  z: 249.5
  yaw: -0.8899048
  pitch: 86.11758
