timestamps:
  login: 1646170621744
  logout: 1646170681844
ipAddress: 127.0.0.1
lastlocation:
  world: world
  x: -213.5
  y: 75.0
  z: 251.5
  yaw: 0.0
  pitch: 0.0
logoutlocation:
  world: world
  x: -210.5
  y: 67.0
  z: 248.5
  yaw: -3.7399015
  pitch: 0.76757103
