timestamps:
  login: 1647953353727
  logout: 1647953501389
  lastteleport: 1647354858702
ipAddress: 127.0.0.1
lastlocation:
  world: world
  x: -110.15585813475465
  y: 64.0
  z: 255.31325243167032
  yaw: -106.21857
  pitch: 12.199055
logoutlocation:
  world: world
  x: -107.7096563780235
  y: 64.0
  z: 254.7481992987777
  yaw: -106.21857
  pitch: 12.199055
afk: false
