timestamps:
  login: 1647308784529
  lastteleport: 1647308887594
  logout: 1647309125079
ipAddress: 127.0.0.1
lastlocation:
  world: world
  x: -210.49250382019562
  y: 83.0
  z: 249.91426754124666
  yaw: -2.2399013
  pitch: 0.91757107
logoutlocation:
  world: world
  x: -346.1657203450136
  y: 64.0
  z: 383.9892342120395
  yaw: 260.18732
  pitch: 18.425852
homes:
  home:
    world: world
    x: -1518.321931270106
    y: 64.0
    z: 928.6352912541528
    yaw: -83.88672
    pitch: 23.27036
