timestamps:
  login: 1646269374459
  logout: 1646269385522
ipAddress: 127.0.0.1
lastlocation:
  world: world
  x: -204.5
  y: 67.0
  z: 270.5
  yaw: 0.0
  pitch: 0.0
logoutlocation:
  world: world
  x: -210.5
  y: 67.0
  z: 249.5
  yaw: -1.8644555
  pitch: 3.1702464
