timestamps:
  login: 1645640141697
  logout: 1645640207647
ipAddress: 127.0.0.1
lastlocation:
  world: world
  x: -233.5
  y: 68.0
  z: 231.5
  yaw: 0.0
  pitch: 0.0
logoutlocation:
  world: world
  x: -239.69999998807907
  y: 70.0
  z: 235.77164224979495
  yaw: 89.1101
  pitch: 26.117575
