timestamps:
  login: 1646158263419
  logout: 1646158386529
ipAddress: 127.0.0.1
lastlocation:
  world: world
  x: -213.5
  y: 75.0
  z: 252.5
  yaw: 0.0
  pitch: 0.0
logoutlocation:
  world: world
  x: -210.30000001192093
  y: 56.0
  z: 248.30000001192093
  yaw: -269.53992
  pitch: -90.0
