timestamps:
  login: 1646064652629
  logout: 1646064995428
ipAddress: 127.0.0.1
lastlocation:
  world: world
  x: -216.5
  y: 67.0
  z: 245.5
  yaw: 0.0
  pitch: 0.0
logoutlocation:
  world: world
  x: -208.40488306969704
  y: 64.0
  z: 199.30000001192087
  yaw: 246.31012
  pitch: 36.899994
