timestamps:
  login: 1648038874039
  logout: 1648038933434
ipAddress: 127.0.0.1
lastlocation:
  world: world
  x: -323.5
  y: 63.0
  z: 306.5
  yaw: 0.0
  pitch: 0.0
logoutlocation:
  world: world
  x: -210.5
  y: 67.0
  z: 252.5
  yaw: -357.91858
  pitch: 17.299055
