timestamps:
  login: 1645650499873
  logout: 1645650558823
ipAddress: 127.0.0.1
lastlocation:
  world: world
  x: -212.5
  y: 67.0
  z: 256.5
  yaw: 0.0
  pitch: 0.0
logoutlocation:
  world: world
  x: -202.89236776638987
  y: 68.0
  z: 248.09667037028473
  yaw: 167.5601
  pitch: -23.85001
