timestamps:
  login: 1646160749601
  logout: 1646160920319
ipAddress: 127.0.0.1
lastlocation:
  world: world
  x: -235.5
  y: 71.0
  z: 251.5
  yaw: 0.0
  pitch: 0.0
logoutlocation:
  world: world
  x: -210.5
  y: 58.0
  z: 249.5
  yaw: -2.2399013
  pitch: 0.91757107
