timestamps:
  login: 1645633783879
  logout: 1645633863828
ipAddress: 127.0.0.1
lastlocation:
  world: world
  x: -157.51681779565087
  y: 72.41999998688698
  z: 248.6393747447637
  yaw: -143.08994
  pitch: 15.61757
logoutlocation:
  world: world
  x: -189.63167539619386
  y: 70.0
  z: 245.60605973677636
  yaw: -252.58998
  pitch: -3.9000094
