timestamps:
  login: 1643657159775
  lastteleport: 1643656788431
  logout: 1643657185187
ipAddress: 127.0.0.1
lastlocation:
  world: world
  x: -210.3046404383045
  y: 67.0
  z: 249.54926548148748
  yaw: -0.5899048
  pitch: 89.41758
logoutlocation:
  world: world
  x: 512.6999999880791
  y: 12.0
  z: 162.30000001192093
  yaw: -26.25891
  pitch: 34.949997
afk: false
