timestamps:
  login: 1647470883850
  logout: 1647470888749
  lastteleport: 1647377374242
ipAddress: 127.0.0.1
lastlocation:
  world: world
  x: -213.36173200805163
  y: 63.0
  z: 210.82930017628215
  yaw: 138.67026
  pitch: 67.25459
homes:
  home:
    world: world
    x: 3956.1608273160377
    y: 64.0
    z: 3084.4252822860094
    yaw: 350.33035
    pitch: 20.741503
logoutlocation:
  world: world
  x: -210.49250382019562
  y: 66.0
  z: 249.91426754124666
  yaw: -3.262167
  pitch: 9.351263
