timestamps:
  login: 1643645788517
  logout: 1643646207911
ipAddress: 127.0.0.1
lastlocation:
  world: world
  x: -227.5
  y: 70.0
  z: 226.5
  yaw: 0.0
  pitch: 0.0
logoutlocation:
  world: world
  x: 141.6002152558421
  y: 68.0
  z: 470.300000011921
  yaw: -23.989912
  pitch: 16.20001
