timestamps:
  login: 1646078623666
  logout: 1646078624713
ipAddress: 127.0.0.1
lastlocation:
  world: world
  x: -200.5
  y: 69.0
  z: 243.5
  yaw: 0.0
  pitch: 0.0
logoutlocation:
  world: world
  x: -193.72884306862449
  y: 70.0
  z: 342.69999998807907
  yaw: -222.43994
  pitch: 7.2175727
