timestamps:
  login: 1646081278784
  logout: 1646078966273
ipAddress: 127.0.0.1
lastlocation:
  world: world
  x: -220.5
  y: 70.0
  z: 270.5
  yaw: 0.0
  pitch: 0.0
logoutlocation:
  world: world
  x: -210.5
  y: 68.0
  z: 249.5
  yaw: -2.2399013
  pitch: 0.91757107
