timestamps:
  login: 1646269123709
  logout: 1646269218246
ipAddress: 127.0.0.1
lastlocation:
  world: world
  x: -225.5
  y: 69.0
  z: 253.5
  yaw: 0.0
  pitch: 0.0
logoutlocation:
  world: world
  x: -126.00651732674709
  y: 80.0
  z: 322.2717195104425
  yaw: -97.63991
  pitch: 25.967573
