timestamps:
  login: 1645657712974
  logout: 1645657831323
ipAddress: 127.0.0.1
lastlocation:
  world: world
  x: -197.5
  y: 68.0
  z: 265.5
  yaw: 0.0
  pitch: 0.0
logoutlocation:
  world: world
  x: -205.22307432018454
  y: 68.0
  z: 247.08570776899782
  yaw: 351.16013
  pitch: 1.9675719
