timestamps:
  login: 1643739532063
  logout: 1643739539613
ipAddress: 127.0.0.1
lastlocation:
  world: world
  x: -221.5
  y: 69.0
  z: 236.5
  yaw: 0.0
  pitch: 0.0
logoutlocation:
  world: world
  x: -210.5
  y: 67.0
  z: 249.5
  yaw: -0.28990474
  pitch: 87.91758
