timestamps:
  login: 1646334864121
  logout: 1646334925527
ipAddress: 127.0.0.1
lastlocation:
  world: world
  x: -209.5
  y: 70.0
  z: 227.5
  yaw: 0.0
  pitch: 0.0
logoutlocation:
  world: world
  x: -210.5
  y: 64.0
  z: 249.5
  yaw: -2.2399013
  pitch: 0.91757107
