timestamps:
  login: 1646147865793
  logout: 1646147925744
ipAddress: 127.0.0.1
lastlocation:
  world: world
  x: -234.5
  y: 71.0
  z: 271.5
  yaw: 0.0
  pitch: 0.0
logoutlocation:
  world: world
  x: -210.5
  y: 67.0
  z: 249.5
  yaw: -2.5399013
  pitch: 0.91757107
