timestamps:
  login: 1645824487934
  lastteleport: 1645825008707
  logout: 1645825056013
ipAddress: 127.0.0.1
lastlocation:
  world: world
  x: -210.3046404383045
  y: 67.0
  z: 249.54926548148748
  yaw: -0.5899048
  pitch: 89.41758
logoutlocation:
  world: world
  x: -144.44334431038985
  y: 72.0
  z: 358.0280885631472
  yaw: -253.78995
  pitch: 27.149994
