timestamps:
  login: 1646336511468
  logout: 1646336633384
ipAddress: 127.0.0.1
lastlocation:
  world: world
  x: -212.5
  y: 69.0
  z: 247.5
  yaw: 0.0
  pitch: 0.0
logoutlocation:
  world: world
  x: -192.44226505768512
  y: 71.0
  z: 272.3038575865241
  yaw: 125.05044
  pitch: 31.143703
