timestamps:
  login: 1646428226115
  logout: 1646428244570
  lastteleport: 1646428945934
ipAddress: 127.0.0.1
lastlocation:
  world: world
  x: -210.49250382019562
  y: 65.0
  z: 249.91426754124666
  yaw: -1.6399013
  pitch: 0.76757103
