timestamps:
  login: 1643834288132
  logout: 1643834842898
  lastteleport: 1643834744057
ipAddress: 127.0.0.1
lastlocation:
  world: world
  x: -210.3046404383045
  y: 67.0
  z: 249.54926548148748
  yaw: -0.5899048
  pitch: 89.41758
logoutlocation:
  world: world
  x: -165.49604114818572
  y: 69.0
  z: 307.2785818927004
  yaw: 261.76013
  pitch: 35.717575
homes:
  home:
    world: world
    x: -168.96447293190204
    y: 69.0
    z: 298.83217529903277
    yaw: 34.660126
    pitch: 19.817574
