timestamps:
  login: 1646427020837
  logout: 1646425004606
ipAddress: 127.0.0.1
lastlocation:
  world: world
  x: -206.5
  y: 67.0
  z: 252.5
  yaw: 0.0
  pitch: 0.0
logoutlocation:
  world: world
  x: -215.54976252777382
  y: 70.0
  z: 314.2831184886967
  yaw: 176.8601
  pitch: 0.76757103
