timestamps:
  login: 1646411515534
  logout: 1646411786140
ipAddress: 127.0.0.1
lastlocation:
  world: world
  x: -138.30000001192093
  y: 43.0
  z: 349.69999998807907
  yaw: 92.560036
  pitch: 55.199997
logoutlocation:
  world: world
  x: -148.30000001192093
  y: 73.0
  z: 299.9910741314742
  yaw: 290.7101
  pitch: -77.55001
