timestamps:
  login: 1646410803237
  logout: 1646410883840
ipAddress: 127.0.0.1
lastlocation:
  world: world
  x: -210.5
  y: 66.0
  z: 261.5
  yaw: 0.0
  pitch: 0.0
logoutlocation:
  world: world
  x: -219.69999998807907
  y: 63.0
  z: 257.30871201198073
  yaw: 63.048557
  pitch: 58.56841
