timestamps:
  login: 1646100275786
  logout: 1646100534026
  lastteleport: 1646100532636
ipAddress: 127.0.0.1
lastlocation:
  world: world
  x: -356.24458972710715
  y: 75.0
  z: 199.10366831490242
  yaw: -79.3501
  pitch: 27.150011
logoutlocation:
  world: world
  x: -210.75433112594567
  y: 67.0
  z: 257.2389934964185
  yaw: -9.289902
  pitch: 37.517574
