timestamps:
  login: 1647011762408
  logout: 1647012235922
ipAddress: 127.0.0.1
lastlocation:
  world: world
  x: -229.5
  y: 67.0
  z: 227.5
  yaw: 0.0
  pitch: 0.0
logoutlocation:
  world: world
  x: -373.30000001192093
  y: 68.0
  z: 162.30000001192093
  yaw: -83.47789
  pitch: 0.28227726
