timestamps:
  login: 1646331547779
ipAddress: 127.0.0.1
lastlocation:
  world: world
  x: -229.5
  y: 67.0
  z: 230.5
  yaw: 0.0
  pitch: 0.0
logoutlocation:
  world: world
  x: -210.5
  y: 64.0
  z: 249.5
  yaw: -3.4399014
  pitch: 4.9675713
