timestamps:
  login: 1646413104468
ipAddress: 127.0.0.1
lastlocation:
  world: world
  x: -201.5
  y: 69.0
  z: 246.5
  yaw: 0.0
  pitch: 0.0
logoutlocation:
  world: world
  x: -258.65443950366745
  y: 68.0
  z: 298.3617716865645
  yaw: 137.8601
  pitch: -54.150013
