timestamps:
  login: 1646407324002
ipAddress: 127.0.0.1
lastlocation:
  world: world
  x: -209.5
  y: 69.0
  z: 241.5
  yaw: 0.0
  pitch: 0.0
logoutlocation:
  world: world
  x: -220.67276394007175
  y: 69.0
  z: 233.5751132068783
  yaw: -350.23993
  pitch: 55.067577
