timestamps:
  login: 1646411023615
  logout: 1646411101590
ipAddress: 127.0.0.1
lastlocation:
  world: world
  x: -217.5
  y: 70.0
  z: 224.5
  yaw: 0.0
  pitch: 0.0
logoutlocation:
  world: world
  x: -209.5572340060142
  y: 58.0
  z: 252.69999998807907
  yaw: -10.189902
  pitch: 15.167572
