timestamps:
  login: 1647527600989
  lastteleport: 1647528833190
  logout: 1647528862334
ipAddress: 127.0.0.1
lastlocation:
  world: world
  x: -210.49250382019562
  y: 67.0
  z: 249.91426754124666
  yaw: -19.489902
  pitch: 38.717575
logoutlocation:
  world: world
  x: -18.86617119390377
  y: 11.0
  z: 185.64889365526955
  yaw: 286.95987
  pitch: 38.399998
homes:
  home:
    world: world
    x: 1858.6521894276486
    y: 64.0
    z: 2560.7289216119934
    yaw: 83.24954
    pitch: 14.399994
afk: false
