timestamps:
  login: 1646325604080
  logout: 1646326589385
  lastteleport: 1646326527404
ipAddress: 127.0.0.1
lastlocation:
  world: world
  x: -210.49250382019562
  y: 64.0
  z: 249.91426754124666
  yaw: 79.960106
  pitch: 14.717572
logoutlocation:
  world: world
  x: -398.5363958575321
  y: 72.0
  z: 193.287036717871
  yaw: 19.960236
  pitch: 15.749995
