timestamps:
  login: 1646327114671
  lastteleport: 1646329013410
  logout: 1646329033378
ipAddress: 127.0.0.1
lastlocation:
  world: world
  x: -210.49250382019562
  y: 64.0
  z: 249.91426754124666
  yaw: 1.3600991
  pitch: -90.0
logoutlocation:
  world: world
  x: 1864.882901543679
  y: 16.0
  z: 2559.1470553587133
  yaw: 57.150818
  pitch: 8.699993
