timestamps:
  login: 1646147453799
  logout: 1646147463020
ipAddress: 127.0.0.1
lastlocation:
  world: world
  x: -199.5
  y: 69.0
  z: 246.5
  yaw: 0.0
  pitch: 0.0
logoutlocation:
  world: world
  x: -210.5
  y: 67.0
  z: 249.5
  yaw: -2.2399013
  pitch: 0.91757107
