timestamps:
  login: 1645918787016
  lastteleport: 1645918832420
  logout: 1645920723262
ipAddress: 127.0.0.1
lastlocation:
  world: world
  x: 2009.699999988079
  y: 40.0
  z: 475.30000001192093
  yaw: 190.17334
  pitch: -17.85001
logoutlocation:
  world: world
  x: 2009.699999988079
  y: 40.0
  z: 475.30000001192093
  yaw: 190.17334
  pitch: -17.85001
