timestamps:
  login: 1646331641247
  logout: 1646331709774
ipAddress: 127.0.0.1
lastlocation:
  world: world
  x: -221.5
  y: 65.0
  z: 267.5
  yaw: 0.0
  pitch: 0.0
logoutlocation:
  world: world
  x: -233.4315012107729
  y: 67.0
  z: 312.2977246698948
  yaw: -20.389923
  pitch: 16.967573
