timestamps:
  login: 1645628492186
  logout: 1645628721328
ipAddress: 127.0.0.1
lastlocation:
  world: world
  x: -201.5
  y: 69.0
  z: 242.5
  yaw: 0.0
  pitch: 0.0
logoutlocation:
  world: world
  x: -48.429771838312725
  y: 62.0
  z: 209.1402128786893
  yaw: 234.4602
  pitch: 42.749996
