timestamps:
  login: 1646160889404
  logout: 1646161737898
  lastteleport: 1646161707470
ipAddress: 127.0.0.1
lastlocation:
  world: world
  x: -210.49250382019562
  y: 62.0
  z: 249.91426754124666
  yaw: -2.2399013
  pitch: 0.91757107
logoutlocation:
  world: world
  x: -307.69999998807907
  y: 70.0
  z: 254.65117090911954
  yaw: 182.97522
  pitch: 19.799994
