timestamps:
  login: 1646172455913
  lastteleport: 1646172322137
  logout: 1646172467366
ipAddress: 127.0.0.1
lastlocation:
  world: world
  x: -210.49250382019562
  y: 69.0
  z: 249.91426754124666
  yaw: -2.2399013
  pitch: 0.91757107
logoutlocation:
  world: world
  x: -210.459877114193
  y: 68.16610926093821
  z: 246.8746076380077
  yaw: 338.99152
  pitch: 30.149994
