timestamps:
  login: 1643664593123
  logout: 1643664602023
ipAddress: 127.0.0.1
lastlocation:
  world: world
  x: -210.5
  y: 57.0
  z: 249.5
  yaw: 1.0600953
  pitch: 82.51758
logoutlocation:
  world: world
  x: -210.3046404383045
  y: 67.0
  z: 249.54926548148748
  yaw: -2.389905
  pitch: 88.66758
