timestamps:
  login: 1647994512407
  logout: 1647994518637
  lastteleport: 1643845610418
ipAddress: 127.0.0.1
lastlocation:
  world: world
  x: -209.5
  y: 69.0
  z: 272.5
  yaw: 0.0
  pitch: 0.0
logoutlocation:
  world: world
  x: -210.5
  y: 67.0
  z: 249.5
  yaw: -3.8899016
  pitch: 3.3175712
afk: false
