timestamps:
  login: 1643835481116
  logout: 1643836005039
ipAddress: 127.0.0.1
lastlocation:
  world: world
  x: -212.69999998807907
  y: 67.24816190522078
  z: 252.69999998807907
  yaw: 21.310097
  pitch: -11.53243
logoutlocation:
  world: world
  x: -169.86192827002037
  y: 37.0
  z: 357.47550548086895
  yaw: -19.639954
  pitch: -90.0
