timestamps:
  login: 1646008850693
  logout: 1646009020449
ipAddress: 127.0.0.1
lastlocation:
  world: world
  x: -220.5
  y: 72.0
  z: 228.5
  yaw: 0.0
  pitch: 0.0
logoutlocation:
  world: world
  x: -179.71342345676885
  y: 70.0
  z: 249.6681108933522
  yaw: 78.46045
  pitch: 13.817573
