timestamps:
  login: 1646066467265
  logout: 1646066605385
ipAddress: 127.0.0.1
lastlocation:
  world: world
  x: -194.5
  y: 69.0
  z: 263.5
  yaw: 0.0
  pitch: 0.0
logoutlocation:
  world: world
  x: -393.300000011921
  y: 64.0
  z: 407.30000001192093
  yaw: 76.36011
  pitch: 19.80001
