timestamps:
  login: 1645644930523
  logout: 1645645008823
ipAddress: 127.0.0.1
lastlocation:
  world: world
  x: -198.5
  y: 71.0
  z: 224.5
  yaw: 0.0
  pitch: 0.0
logoutlocation:
  world: world
  x: -191.40710249745354
  y: 69.0
  z: 230.49749614476724
  yaw: 221.78511
  pitch: 9.392572
