timestamps:
  login: 1646079394986
  lastteleport: 1646079358153
  logout: 1646079430019
ipAddress: 127.0.0.1
lastlocation:
  world: world
  x: -210.49250382019562
  y: 68.0
  z: 249.91426754124666
  yaw: -2.2399013
  pitch: 0.91757107
logoutlocation:
  world: world
  x: -51.05175825842793
  y: 67.0
  z: 100.85796135749526
  yaw: 220.8102
  pitch: 10.199992
