timestamps:
  login: 1646918288665
  lastteleport: 1646918420546
  logout: 1646918668837
ipAddress: 127.0.0.1
lastlocation:
  world: world
  x: -210.49250382019562
  y: 64.0
  z: 249.91426754124666
  yaw: -2.2399013
  pitch: 0.91757107
afk: false
logoutlocation:
  world: world
  x: -501.69999998807907
  y: 64.0
  z: 254.65295658886384
  yaw: -57.139797
  pitch: 11.399995
