timestamps:
  login: 1646888884898
  logout: 1646898709798
ipAddress: 127.0.0.1
lastlocation:
  world: world
  x: -160.38596482755554
  y: 74.1707870772188
  z: 140.104181156468
  yaw: 138.61133
  pitch: 6.1499925
logoutlocation:
  world: world
  x: -201.38298092044244
  y: 67.0
  z: 216.56717392002727
  yaw: 217.66321
  pitch: -16.799994
