timestamps:
  login: 1646266129212
  logout: 1646266134707
ipAddress: 127.0.0.1
lastlocation:
  world: world
  x: -191.5
  y: 68.0
  z: 267.5
  yaw: 0.0
  pitch: 0.0
logoutlocation:
  world: world
  x: -210.5
  y: 68.0
  z: 249.5
  yaw: -3.8899014
  pitch: 8.267571
