timestamps:
  login: 1644879050699
  lastteleport: 1644879068960
  logout: 1644879117697
ipAddress: 127.0.0.1
lastlocation:
  world: world
  x: -210.50989652787777
  y: 68.0
  z: 248.79436741672453
  yaw: 0.3100953
  pitch: 33.767574
logoutlocation:
  world: world
  x: -229.15837359885597
  y: 64.0
  z: 157.7923364132846
  yaw: 2.4100955
  pitch: 32.567574
