timestamps:
  login: 1646916480029
  logout: 1646917434756
  lastteleport: 1646915656735
ipAddress: 127.0.0.1
lastlocation:
  world: world
  x: -210.49250382019562
  y: 64.0
  z: 249.91426754124666
  yaw: -2.2399013
  pitch: 0.91757107
logoutlocation:
  world: world
  x: -1096.250140995532
  y: 65.0
  z: -1070.3547011180449
  yaw: -281.24
  pitch: 33.450012
afk: false
