timestamps:
  login: 1646319918202
  logout: 1646320295277
  lastteleport: 1646319981367
ipAddress: 127.0.0.1
lastlocation:
  world: world
  x: -210.49250382019562
  y: 67.0
  z: 249.91426754124666
  yaw: -3.4399014
  pitch: 22.967573
logoutlocation:
  world: world
  x: -603.6901400549887
  y: 74.0
  z: 329.6529860964038
  yaw: -290.7462
  pitch: -10.050009
