timestamps:
  login: 1646231179791
  logout: 1646231331041
ipAddress: 127.0.0.1
lastlocation:
  world: world
  x: -219.5
  y: 70.0
  z: 233.5
  yaw: 0.0
  pitch: 0.0
logoutlocation:
  world: world
  x: -49.79783097917789
  y: 66.0
  z: 107.28466788620632
  yaw: -227.38992
  pitch: 8.717572
