timestamps:
  login: 1643657144627
  logout: 1643646253314
ipAddress: 127.0.0.1
lastlocation:
  world: world
  x: -209.5
  y: 73.0
  z: 229.5
  yaw: 0.0
  pitch: 0.0
logoutlocation:
  world: world
  x: -222.7444285751152
  y: 75.0
  z: 244.4434933210852
  yaw: 286.5103
  pitch: 34.200012
