timestamps:
  login: 1646067575251
  lastteleport: 1646067950489
  logout: 1646068136422
ipAddress: 127.0.0.1
lastlocation:
  world: world
  x: -210.49250382019562
  y: 68.0
  z: 249.91426754124666
  yaw: -2.2399013
  pitch: 0.91757107
logoutlocation:
  world: world
  x: -457.24771180367173
  y: 57.0
  z: 253.30000001192096
  yaw: 69.61011
  pitch: 19.199993
