timestamps:
  login: 1646323006967
  logout: 1646323658268
ipAddress: 127.0.0.1
lastlocation:
  world: world
  x: -226.5
  y: 69.0
  z: 268.5
  yaw: 0.0
  pitch: 0.0
logoutlocation:
  world: world
  x: 324.96078895194523
  y: 66.1707870772188
  z: 196.50734731741994
  yaw: 267.61017
  pitch: 17.849993
