timestamps:
  login: 1646413025720
ipAddress: 127.0.0.1
lastlocation:
  world: world
  x: -231.5
  y: 71.0
  z: 256.5
  yaw: 0.0
  pitch: 0.0
logoutlocation:
  world: world
  x: -207.10611757085184
  y: 58.0
  z: 252.699999988079
  yaw: -307.3213
  pitch: -9.468742
