timestamps:
  login: 1643653504628
  logout: 1643653511012
ipAddress: 127.0.0.1
logoutlocation:
  world: world
  x: -213.26972028010385
  y: 67.0
  z: 248.2639095685763
  yaw: -32.25
  pitch: 2.5500002
