timestamps:
  login: 1643835888139
  logout: 1643836113226
ipAddress: 127.0.0.1
lastlocation:
  world: world
  x: -202.5
  y: 71.0
  z: 227.5
  yaw: 0.0
  pitch: 0.0
logoutlocation:
  world: world
  x: -144.94782073816754
  y: 74.0
  z: 154.8245217411182
  yaw: -76.78991
  pitch: -35.099995
