timestamps:
  login: 1645802934914
  logout: 1645803057608
ipAddress: 127.0.0.1
lastlocation:
  world: world
  x: -217.5
  y: 63.0
  z: 274.5
  yaw: 0.0
  pitch: 0.0
logoutlocation:
  world: world
  x: -211.6470170240905
  y: 75.0
  z: 253.30000001192096
  yaw: 292.9601
  pitch: 8.549993
