timestamps:
  login: 1645758936316
  lastteleport: 1645758334841
  logout: 1645758939566
ipAddress: 127.0.0.1
lastlocation:
  world: world
  x: -210.3046404383045
  y: 67.0
  z: 249.54926548148748
  yaw: -0.5899048
  pitch: 89.41758
logoutlocation:
  world: world
  x: 1431.2523614749466
  y: 57.0
  z: 555.803826069705
  yaw: -196.04858
  pitch: 30.449995
