timestamps:
  login: 1645814465612
  logout: 1645814466066
ipAddress: 127.0.0.1
lastlocation:
  world: world
  x: -217.5
  y: 63.0
  z: 252.5
  yaw: 0.0
  pitch: 0.0
logoutlocation:
  world: world
  x: -210.5
  y: 67.0
  z: 249.5
  yaw: -0.5899048
  pitch: 89.41758
