timestamps:
  login: 1646405792089
ipAddress: 127.0.0.1
lastlocation:
  world: world
  x: -206.5
  y: 70.0
  z: 225.5
  yaw: 0.0
  pitch: 0.0
logoutlocation:
  world: world
  x: -274.450661210843
  y: 82.0
  z: 363.3472615782094
  yaw: 105.76019
  pitch: 13.0499935
