timestamps:
  login: 1646318004287
  logout: 1646318550770
ipAddress: 127.0.0.1
lastlocation:
  world: world
  x: -186.5
  y: 70.0
  z: 236.5
  yaw: 0.0
  pitch: 0.0
logoutlocation:
  world: world
  x: -462.94999626195676
  y: 64.0
  z: 99.75771100019229
  yaw: -175.52713
  pitch: 21.599995
