timestamps:
  login: 1646153106561
  logout: 1646153166063
ipAddress: 127.0.0.1
lastlocation:
  world: world
  x: -210.5
  y: 68.0
  z: 249.5
  yaw: -2.0899012
  pitch: 3.7675712
logoutlocation:
  world: world
  x: -210.49250382019562
  y: 67.0
  z: 249.91426754124666
  yaw: -2.2399013
  pitch: 0.91757107
