timestamps:
  login: 1643655349331
  logout: 1643656942898
ipAddress: 127.0.0.1
lastlocation:
  world: world
  x: -290.4048939423122
  y: 63.0
  z: 88.57673402765654
  yaw: 6.6101565
  pitch: 90.0
logoutlocation:
  world: world
  x: -310.95583195139824
  y: 63.0
  z: 93.82150437822595
  yaw: 288.16013
  pitch: 19.199993
