timestamps:
  login: 1646417785421
  logout: 1646417894610
ipAddress: 127.0.0.1
lastlocation:
  world: world
  x: -206.5
  y: 70.0
  z: 226.5
  yaw: 0.0
  pitch: 0.0
logoutlocation:
  world: world
  x: -132.42593113596598
  y: 67.0
  z: 175.88228086492543
  yaw: 162.31012
  pitch: 8.417572
