timestamps:
  login: 1646410395377
  logout: 1646246183809
ipAddress: 127.0.0.1
lastlocation:
  world: world
  x: -215.51536792526642
  y: 66.0
  z: 268.1681034640539
  yaw: 6.3100996
  pitch: 18.767572
logoutlocation:
  world: world
  x: -225.22887521587475
  y: 67.0
  z: 290.5132710499821
  yaw: 33.460102
  pitch: -56.699997
