timestamps:
  login: 1645983173650
  logout: 1645983177200
ipAddress: 127.0.0.1
lastlocation:
  world: world
  x: -201.5
  y: 69.0
  z: 244.5
  yaw: 0.0
  pitch: 0.0
logoutlocation:
  world: world
  x: -211.5
  y: 67.0
  z: 249.5
  yaw: -2.2399013
  pitch: 0.91757107
