timestamps:
  login: 1646062793810
  logout: 1646062797776
ipAddress: 127.0.0.1
lastlocation:
  world: world
  x: -213.5
  y: 67.0
  z: 274.5
  yaw: 0.0
  pitch: 0.0
logoutlocation:
  world: world
  x: -211.5
  y: 68.0
  z: 249.5
  yaw: -3.4399014
  pitch: 3.9175713
