timestamps:
  login: 1643666266174
  logout: 1643666257023
ipAddress: 127.0.0.1
lastlocation:
  world: world
  x: -209.1582402105844
  y: 67.0
  z: 248.90469970631455
  yaw: 101.710106
  pitch: 21.467573
logoutlocation:
  world: world
  x: -210.5
  y: 67.0
  z: 249.5
  yaw: -0.5899048
  pitch: 89.41758
