timestamps:
  login: 1646155022811
  logout: 1646155073324
ipAddress: 127.0.0.1
lastlocation:
  world: world
  x: -175.69999998807907
  y: 49.0
  z: 348.30000001192093
  yaw: -198.14
  pitch: 46.649994
logoutlocation:
  world: world
  x: -210.49250382019562
  y: 67.0
  z: 249.91426754124666
  yaw: -2.5399013
  pitch: 1.3675711
