timestamps:
  login: 1644885960800
  logout: 1644885995197
ipAddress: 127.0.0.1
lastlocation:
  world: world
  x: -481.3371474634498
  y: 67.58622168289517
  z: 581.4708164712581
  yaw: 107.616165
  pitch: 21.680067
logoutlocation:
  world: world
  x: -53.30000001192093
  y: 58.0
  z: 257.3074409653801
  yaw: 262.13647
  pitch: 28.372225
