timestamps:
  login: 1646417377394
  logout: 1646417345198
ipAddress: 127.0.0.1
lastlocation:
  world: world
  x: -208.5
  y: 68.0
  z: 255.5
  yaw: 0.0
  pitch: 0.0
logoutlocation:
  world: world
  x: -207.8479238682783
  y: 71.0
  z: 230.18251208699184
  yaw: -31.789948
  pitch: -90.0
