timestamps:
  login: 1646062501559
  logout: 1646062522000
ipAddress: 127.0.0.1
logoutlocation:
  world: world
  x: -200.0471410921186
  y: 69.0
  z: 250.92729926258704
  yaw: 153.16011
  pitch: 20.267572
