timestamps:
  login: 1645814113962
  logout: 1645814173513
ipAddress: 127.0.0.1
lastlocation:
  world: world
  x: -187.5
  y: 76.0
  z: 233.5
  yaw: 0.0
  pitch: 0.0
logoutlocation:
  world: world
  x: -210.5
  y: 67.0
  z: 249.5
  yaw: -0.5899048
  pitch: 89.41758
