timestamps:
  login: 1643834726243
  lastteleport: 1643835727157
  logout: 1643836463442
ipAddress: 127.0.0.1
lastlocation:
  world: world
  x: -210.3046404383045
  y: 67.0
  z: 249.54926548148748
  yaw: -0.5899048
  pitch: 89.41758
logoutlocation:
  world: world
  x: -113.36636134940468
  y: 63.0
  z: -91.1091010691547
  yaw: 11.2612915
  pitch: 20.099995
