timestamps:
  login: 1645650686324
  logout: 1645650791323
ipAddress: 127.0.0.1
lastlocation:
  world: world
  x: -213.5
  y: 69.0
  z: 236.5
  yaw: 0.0
  pitch: 0.0
logoutlocation:
  world: world
  x: -209.22390598741524
  y: 68.0
  z: 243.30000001192093
  yaw: 9.760132
  pitch: -47.399998
