timestamps:
  login: 1646076522497
  logout: 1646076986972
ipAddress: 127.0.0.1
lastlocation:
  world: world
  x: -223.5
  y: 68.0
  z: 252.5
  yaw: 0.0
  pitch: 0.0
logoutlocation:
  world: world
  x: -137.73192502201792
  y: 48.0
  z: 519.9488626727814
  yaw: 30.160278
  pitch: 45.599995
