timestamps:
  login: 1643666361423
  logout: 1643666622024
ipAddress: 127.0.0.1
lastlocation:
  world: world
  x: -209.5
  y: 70.0
  z: 230.5
  yaw: 0.0
  pitch: 0.0
logoutlocation:
  world: world
  x: -68.3815733734472
  y: 72.0
  z: 308.16877628833834
  yaw: -77.989914
  pitch: 33.30001
