timestamps:
  login: 1643824298301
  logout: 1643824340611
ipAddress: 127.0.0.1
logoutlocation:
  world: world
  x: -213.41130552208762
  y: 70.0
  z: 226.83549113228213
  yaw: -171.13992
  pitch: 4.067572
