timestamps:
  login: 1643815438384
  logout: 1643815530023
ipAddress: 127.0.0.1
lastlocation:
  world: world
  x: -216.5
  y: 65.0
  z: 256.5
  yaw: 0.0
  pitch: 0.0
logoutlocation:
  world: world
  x: -213.2550819841534
  y: 69.0
  z: 238.6316130996524
  yaw: -86.68991
  pitch: 12.467573
