timestamps:
  login: 1646919685423
  logout: 1646919699700
ipAddress: 127.0.0.1
lastlocation:
  world: world
  x: -225.5
  y: 68.0
  z: 238.5
  yaw: 0.0
  pitch: 0.0
logoutlocation:
  world: world
  x: -210.5
  y: 64.0
  z: 249.5
  yaw: -1.1899012
  pitch: 1.6675712
