timestamps:
  login: 1643664020273
  logout: 1643664027023
ipAddress: 127.0.0.1
lastlocation:
  world: world
  x: -200.5
  y: 71.0
  z: 226.5
  yaw: 0.0
  pitch: 0.0
logoutlocation:
  world: world
  x: -210.5
  y: 67.0
  z: 249.5
  yaw: 5.560096
  pitch: 88.36758
