timestamps:
  login: 1646323000264
  logout: 1646323163773
ipAddress: 127.0.0.1
lastlocation:
  world: world
  x: -229.5
  y: 67.0
  z: 232.5
  yaw: 0.0
  pitch: 0.0
logoutlocation:
  world: world
  x: -260.81718072642695
  y: 67.0
  z: 312.70482252834836
  yaw: 74.560104
  pitch: -10.33243
