timestamps:
  login: 1646425595855
  lastteleport: 1646426124187
  logout: 1646426269770
ipAddress: 127.0.0.1
lastlocation:
  world: world
  x: -210.49250382019562
  y: 65.0
  z: 249.91426754124666
  yaw: -2.2399013
  pitch: 0.91757107
logoutlocation:
  world: world
  x: -384.0399646570314
  y: 19.0
  z: -861.4126122026098
  yaw: 10.472562
  pitch: 39.150013
