timestamps:
  login: 1646065692323
  logout: 1646066019976
  lastteleport: 1645799767644
ipAddress: 127.0.0.1
lastlocation:
  world: world
  x: -187.13252697695452
  y: 68.0
  z: 175.68235849962608
  yaw: 193.96014
  pitch: 12.149993
logoutlocation:
  world: world
  x: -380.69999998807907
  y: 77.0
  z: 348.8028974067184
  yaw: -268.03998
  pitch: 25.949995
