timestamps:
  login: 1646068369501
  logout: 1646068757672
ipAddress: 127.0.0.1
lastlocation:
  world: world
  x: -401.42290575586253
  y: 67.0
  z: 221.99842459074304
  yaw: 1.8101196
  pitch: 22.80001
logoutlocation:
  world: world
  x: -401.3194178346513
  y: 67.0
  z: 221.30000001192093
  yaw: 1.8101196
  pitch: 22.80001
