timestamps:
  login: 1646400317137
  logout: 1646400329424
ipAddress: 127.0.0.1
logoutlocation:
  world: world
  x: -210.5
  y: 67.0
  z: 249.5
  yaw: -2.5399013
  pitch: 0.61757106
