timestamps:
  login: 1643733202626
  logout: 1643733255677
ipAddress: 127.0.0.1
lastlocation:
  world: world
  x: -227.5
  y: 70.0
  z: 271.5
  yaw: 0.0
  pitch: 0.0
logoutlocation:
  world: world
  x: -182.93130973906557
  y: 71.0
  z: 247.08078190936916
  yaw: -110.239914
  pitch: -3.2824287
