timestamps:
  login: 1643854222828
  logout: 1643855663610
ipAddress: 127.0.0.1
lastlocation:
  world: world
  x: -188.5
  y: 70.0
  z: 247.5
  yaw: 0.0
  pitch: 0.0
logoutlocation:
  world: world
  x: -124.31467377531064
  y: 61.0
  z: 446.30000001192093
  yaw: 195.3103
  pitch: 27.299994
