timestamps:
  login: 1646406569598
  logout: 1646406740366
ipAddress: 127.0.0.1
lastlocation:
  world: world
  x: -230.5
  y: 71.0
  z: 274.5
  yaw: 0.0
  pitch: 0.0
logoutlocation:
  world: world
  x: -280.3011980600276
  y: 71.0
  z: 273.34356026101125
  yaw: -176.01495
  pitch: -54.450012
