timestamps:
  login: 1647032987529
  logout: 1647033046856
ipAddress: 127.0.0.1
lastlocation:
  world: world
  x: -209.5
  y: 67.0
  z: 261.5
  yaw: 0.0
  pitch: 0.0
logoutlocation:
  world: world
  x: -88.01150527832738
  y: 64.0
  z: 143.01292713728841
  yaw: 231.4601
  pitch: 16.049997
