timestamps:
  login: 1646397188610
  logout: 1646397449761
ipAddress: 127.0.0.1
lastlocation:
  world: world
  x: -227.5
  y: 66.0
  z: 226.5
  yaw: 0.0
  pitch: 0.0
logoutlocation:
  world: world
  x: -198.18211952063328
  y: 65.0
  z: -44.30000001192093
  yaw: 27.760181
  pitch: -90.0
