timestamps:
  login: 1646073975961
  logout: 1646074056791
ipAddress: 127.0.0.1
lastlocation:
  world: world
  x: -228.5
  y: 70.0
  z: 244.5
  yaw: 0.0
  pitch: 0.0
logoutlocation:
  world: world
  x: -223.36037201072017
  y: 61.0
  z: 288.77055610234277
  yaw: -239.08992
  pitch: 46.649998
