timestamps:
  login: 1643860328260
  logout: 1643860616109
ipAddress: 127.0.0.1
lastlocation:
  world: world
  x: -329.30000001192093
  y: 74.0
  z: 314.69999998807907
  yaw: 138.01013
  pitch: 15.00001
logoutlocation:
  world: world
  x: -216.76971434428742
  y: 70.0
  z: 222.6555380412587
  yaw: 194.8601
  pitch: 4.949992
