timestamps:
  login: 1646078139491
  logout: 1646078319551
ipAddress: 127.0.0.1
lastlocation:
  world: world
  x: -229.92244716299732
  y: 71.41999998688698
  z: 291.95110203284605
  yaw: 13.5101
  pitch: 15.917572
logoutlocation:
  world: world
  x: -219.2656258225076
  y: 50.0
  z: 365.30000001192093
  yaw: -102.13991
  pitch: 83.11758
