timestamps:
  login: 1647281370691
  logout: 1647017448865
  lastteleport: 1646428576224
ipAddress: 127.0.0.1
lastlocation:
  world: world
  x: -217.5
  y: 67.0
  z: 278.5
  yaw: 0.0
  pitch: 0.0
logoutlocation:
  world: world
  x: -210.5
  y: 64.0
  z: 249.5
  yaw: -2.2399013
  pitch: 0.91757107
homes:
  home:
    world: world
    x: -128.47713323383786
    y: 63.0
    z: 596.9799169236546
    yaw: -90.291016
    pitch: 19.499994
