timestamps:
  login: 1646253303743
  logout: 1646253351577
ipAddress: 127.0.0.1
lastlocation:
  world: world
  x: -192.5
  y: 70.0
  z: 238.5
  yaw: 0.0
  pitch: 0.0
logoutlocation:
  world: world
  x: -206.08734947297313
  y: 69.0
  z: 215.54393426539664
  yaw: 351.01013
  pitch: 31.217573
