timestamps:
  login: 1646060098229
  logout: 1646060157170
ipAddress: 127.0.0.1
lastlocation:
  world: world
  x: -219.5
  y: 68.0
  z: 242.5
  yaw: 0.0
  pitch: 0.0
logoutlocation:
  world: world
  x: -211.5
  y: 68.0
  z: 249.5
  yaw: -2.2399013
  pitch: 0.91757107
