timestamps:
  login: 1646079148125
  logout: 1646079159327
ipAddress: 127.0.0.1
lastlocation:
  world: world
  x: -162.49617016888865
  y: 75.32871950475501
  z: 362.51743835023154
  yaw: -118.48993
  pitch: 21.017572
logoutlocation:
  world: world
  x: -210.49250382019562
  y: 68.0
  z: 249.91426754124666
  yaw: -4.9399014
  pitch: 3.3175714
