timestamps:
  login: 1646149803803
  logout: 1646150122270
ipAddress: 127.0.0.1
lastlocation:
  world: world
  x: -186.5
  y: 69.0
  z: 269.5
  yaw: 0.0
  pitch: 0.0
logoutlocation:
  world: world
  x: 5.812841303363422
  y: 63.0
  z: 137.8850950508193
  yaw: 183.0101
  pitch: 12.599993
