timestamps:
  login: 1643832547103
  logout: 1643832547305
ipAddress: 127.0.0.1
lastlocation:
  world: world
  x: -216.5
  y: 70.0
  z: 233.5
  yaw: 0.0
  pitch: 0.0
logoutlocation:
  world: world
  x: -214.3962315858007
  y: 70.0
  z: 219.99984487924502
  yaw: 4.6571655
  pitch: -26.920017
