timestamps:
  login: 1646181295114
  logout: 1646181298842
ipAddress: 127.0.0.1
lastlocation:
  world: world
  x: -234.5
  y: 70.0
  z: 243.5
  yaw: 0.0
  pitch: 0.0
logoutlocation:
  world: world
  x: -210.5
  y: 67.0
  z: 250.5
  yaw: -2.2399013
  pitch: 0.91757107
