timestamps:
  login: 1648095356436
  logout: 1648095372586
  lastteleport: 1647357879908
ipAddress: 127.0.0.1
lastlocation:
  world: world
  x: -164.5
  y: 65.0
  z: 371.5
  yaw: 0.0
  pitch: 0.0
logoutlocation:
  world: world
  x: -210.5
  y: 67.0
  z: 252.5
  yaw: -357.7686
  pitch: 17.299055
afk: false
nickname: DaDripDino
homes:
  home:
    world: world
    x: 328.0229778863576
    y: 64.0
    z: 29.243944576561148
    yaw: -81.139854
    pitch: 61.499996
money: '4000'
