timestamps:
  login: 1646414512407
  lastteleport: 1646414809183
ipAddress: 127.0.0.1
lastlocation:
  world: world
  x: -199.68538059769264
  y: 73.0
  z: 335.2550719930903
  yaw: 4.210099
  pitch: 30.617573
logoutlocation:
  world: world
  x: -209.53100554905078
  y: 61.0
  z: 257.69999998807907
  yaw: -78.88991
  pitch: -55.332436
