timestamps:
  login: 1645644129724
  lastteleport: 1645644417370
  logout: 1645644813823
ipAddress: 127.0.0.1
lastlocation:
  world: world
  x: -210.3046404383045
  y: 67.0
  z: 249.54926548148748
  yaw: -0.5899048
  pitch: 89.41758
logoutlocation:
  world: world
  x: -466.4075007924334
  y: 10.0
  z: 233.67042272395287
  yaw: -263.68994
  pitch: -23.549994
