timestamps:
  login: 1643660280916
  logout: 1643660447861
ipAddress: 127.0.0.1
lastlocation:
  world: world
  x: -232.5
  y: 71.0
  z: 272.5
  yaw: 0.0
  pitch: 0.0
logoutlocation:
  world: world
  x: -367.2690925897731
  y: 65.0
  z: 248.26395904462424
  yaw: 76.6601
  pitch: -27.149994
