timestamps:
  login: 1646407233112
  logout: 1646331369980
  lastteleport: 1646331368575
ipAddress: 127.0.0.1
lastlocation:
  world: world
  x: -210.49250382019562
  y: 65.0
  z: 249.91426754124666
  yaw: -2.2399013
  pitch: 0.91757107
logoutlocation:
  world: world
  x: 39.5
  y: 49.0
  z: 302.5
  yaw: 55.3028
  pitch: 25.148344
