timestamps:
  login: 1646234224895
  logout: 1646234551359
ipAddress: 127.0.0.1
lastlocation:
  world: world
  x: -193.5
  y: 70.0
  z: 258.5
  yaw: 0.0
  pitch: 0.0
logoutlocation:
  world: world
  x: 71.16346353900278
  y: 19.5
  z: 299.5040462366099
  yaw: -90.83189
  pitch: 43.38787
