timestamps:
  login: 1646285099824
  logout: 1646285103461
ipAddress: 127.0.0.1
lastlocation:
  world: world
  x: -211.5
  y: 70.0
  z: 234.5
  yaw: 0.0
  pitch: 0.0
logoutlocation:
  world: world
  x: -210.5
  y: 67.0
  z: 249.5
  yaw: -2.8399014
  pitch: 1.2175711
