timestamps:
  login: 1643826522453
  logout: 1643826622678
ipAddress: 127.0.0.1
lastlocation:
  world: world
  x: -229.5
  y: 68.0
  z: 268.5
  yaw: 0.0
  pitch: 0.0
logoutlocation:
  world: world
  x: -210.5
  y: 67.0
  z: 249.5
  yaw: -0.5899048
  pitch: 89.41758
