timestamps:
  login: 1643742718374
  logout: 1643742938649
ipAddress: 127.0.0.1
lastlocation:
  world: world
  x: -231.5
  y: 71.0
  z: 258.5
  yaw: 0.0
  pitch: 0.0
logoutlocation:
  world: world
  x: -148.59621308463005
  y: 71.0
  z: 225.8225829206307
  yaw: 29.260101
  pitch: 42.749996
