timestamps:
  login: 1647609204916
  logout: 1647609446516
ipAddress: 127.0.0.1
lastlocation:
  world: world
  x: -234.5
  y: 62.0
  z: 226.5
  yaw: 0.0
  pitch: 0.0
logoutlocation:
  world: world
  x: -128.69999998807907
  y: 62.0
  z: 307.30000001192093
  yaw: 269.1103
  pitch: -90.0
