timestamps:
  login: 1646164425701
  logout: 1646165349710
ipAddress: 127.0.0.1
lastlocation:
  world: world
  x: -429.6042100619602
  y: 71.0
  z: 43.45103662308706
  yaw: -180.88992
  pitch: 90.0
logoutlocation:
  world: world
  x: -206.30000001192093
  y: 59.0
  z: 249.88372898537443
  yaw: -94.48991
  pitch: 8.717572
