timestamps:
  login: 1646172326063
  logout: 1646172469863
ipAddress: 127.0.0.1
lastlocation:
  world: world
  x: -216.6462815214728
  y: 57.30641336753642
  z: 247.39850312280018
  yaw: -109.63991
  pitch: -13.48243
logoutlocation:
  world: world
  x: -251.43137431040435
  y: 66.0
  z: 312.2614939461307
  yaw: -35.090088
  pitch: 17.699993
