timestamps:
  login: 1646061411032
  logout: 1646061423195
ipAddress: 127.0.0.1
lastlocation:
  world: world
  x: -210.5002010630125
  y: 67.0
  z: 249.4804010503143
  yaw: -0.5899048
  pitch: 89.41758
logoutlocation:
  world: world
  x: -210.49250382019562
  y: 69.0
  z: 249.91426754124666
  yaw: -2.2399013
  pitch: 0.91757107
