timestamps:
  login: 1643728197347
  logout: 1643728245676
ipAddress: 127.0.0.1
lastlocation:
  world: world
  x: -215.5
  y: 67.0
  z: 247.5
  yaw: 0.0
  pitch: 0.0
logoutlocation:
  world: world
  x: -210.5
  y: 67.0
  z: 249.5
  yaw: -0.8899048
  pitch: 89.11758
