timestamps:
  login: 1643842295960
  logout: 1643842546110
ipAddress: 127.0.0.1
lastlocation:
  world: world
  x: -199.30000001192093
  y: 69.0
  z: 237.30000001192093
  yaw: 160.51012
  pitch: 3.7675743
logoutlocation:
  world: world
  x: -212.69999998807907
  y: 67.0
  z: 247.30000001192093
  yaw: 143.8601
  pitch: 8.267572
