timestamps:
  login: 1646243825868
  logout: 1646243865411
ipAddress: 127.0.0.1
lastlocation:
  world: world
  x: -236.5
  y: 69.0
  z: 231.5
  yaw: 0.0
  pitch: 0.0
logoutlocation:
  world: world
  x: -210.5
  y: 67.0
  z: 249.5
  yaw: -3.4399014
  pitch: -0.58242905
