timestamps:
  login: 1646079055648
  logout: 1646079085742
ipAddress: 127.0.0.1
lastlocation:
  world: world
  x: -226.5
  y: 68.0
  z: 239.5
  yaw: 0.0
  pitch: 0.0
logoutlocation:
  world: world
  x: -210.5
  y: 68.0
  z: 249.5
  yaw: -2.0899012
  pitch: 1.6675712
