timestamps:
  login: 1643587730537
  logout: 1643587697287
ipAddress: 127.0.0.1
lastlocation:
  world: world
  x: -205.5
  y: 68.0
  z: 268.5
  yaw: 0.0
  pitch: 0.0
logoutlocation:
  world: world
  x: -271.922356950681
  y: 63.0
  z: 103.38675679762152
  yaw: 170.87886
  pitch: -14.699993
