timestamps:
  login: 1643760801692
  logout: 1643760910042
ipAddress: 127.0.0.1
lastlocation:
  world: world
  x: -210.5
  y: 69.0
  z: 241.5
  yaw: 0.0
  pitch: 0.0
logoutlocation:
  world: world
  x: -210.91646417719085
  y: 69.0
  z: 237.85652356549662
  yaw: -85.33991
  pitch: -4.18243
