timestamps:
  login: 1646414161350
ipAddress: 127.0.0.1
lastlocation:
  world: world
  x: -187.5
  y: 71.0
  z: 264.5
  yaw: 0.0
  pitch: 0.0
logoutlocation:
  world: world
  x: -198.31983585854184
  y: 53.99789179154454
  z: 252.33433938167843
  yaw: 12.516346
  pitch: 86.773834
