timestamps:
  login: 1643731904958
  logout: 1643732615676
ipAddress: 127.0.0.1
lastlocation:
  world: world
  x: -210.34615048933748
  y: 68.0
  z: 244.47362803852167
  yaw: 161.71014
  pitch: 20.999994
logoutlocation:
  world: world
  x: -210.34615048933748
  y: 68.0
  z: 244.47362803852167
  yaw: 161.71014
  pitch: 20.999994
