timestamps:
  login: 1646317320534
  logout: 1646317329186
ipAddress: 127.0.0.1
lastlocation:
  world: world
  x: -235.5
  y: 71.0
  z: 266.5
  yaw: 0.0
  pitch: 0.0
logoutlocation:
  world: world
  x: -210.5
  y: 66.0
  z: 249.5
  yaw: -1.4899012
  pitch: 4.3675714
