timestamps:
  login: 1645646121724
  logout: 1645646231323
ipAddress: 127.0.0.1
lastlocation:
  world: world
  x: -195.5
  y: 68.0
  z: 266.5
  yaw: 0.0
  pitch: 0.0
logoutlocation:
  world: world
  x: -220.842241643886
  y: 67.0
  z: 247.05599204454748
  yaw: 67.51013
  pitch: 11.699993
