timestamps:
  login: 1646170786194
  logout: 1646170865911
ipAddress: 127.0.0.1
lastlocation:
  world: world
  x: -192.5
  y: 69.0
  z: 264.5
  yaw: 0.0
  pitch: 0.0
logoutlocation:
  world: world
  x: -210.5
  y: 67.0
  z: 248.5
  yaw: -7.189902
  pitch: -0.58242905
