timestamps:
  login: 1645810172643
  logout: 1645810183747
ipAddress: 127.0.0.1
lastlocation:
  world: world
  x: -221.5
  y: 67.0
  z: 265.5
  yaw: 0.0
  pitch: 0.0
logoutlocation:
  world: world
  x: -210.5
  y: 67.0
  z: 249.5
  yaw: -1.3399049
  pitch: 86.56757
