timestamps:
  login: 1646060994528
  logout: 1646061141286
ipAddress: 127.0.0.1
lastlocation:
  world: world
  x: -232.5
  y: 71.0
  z: 263.5
  yaw: 0.0
  pitch: 0.0
logoutlocation:
  world: world
  x: -139.62001464353358
  y: 16.0
  z: 259.30000001192093
  yaw: -198.43993
  pitch: 12.75001
