timestamps:
  login: 1643855375910
  logout: 1643855406109
ipAddress: 127.0.0.1
lastlocation:
  world: world
  x: -204.5
  y: 68.0
  z: 264.5
  yaw: 0.0
  pitch: 0.0
logoutlocation:
  world: world
  x: -210.5
  y: 67.0
  z: 249.5
  yaw: -0.7399048
  pitch: 87.61758
