timestamps:
  login: 1646423483370
  logout: 1646424201550
ipAddress: 127.0.0.1
lastlocation:
  world: world
  x: -209.30000001192093
  y: 64.0
  z: 247.30000001192093
  yaw: 21.760101
  pitch: -9.13243
logoutlocation:
  world: world
  x: -158.69999998807907
  y: 76.0
  z: 402.325074053977
  yaw: 39.610096
  pitch: -49.199997
