timestamps:
  login: 1643590950153
  logout: 1643591089553
ipAddress: 127.0.0.1
lastlocation:
  world: world
  x: -211.5
  y: 78.0
  z: 252.5
  yaw: 0.0
  pitch: 0.0
logoutlocation:
  world: world
  x: -217.1134849228298
  y: 67.0
  z: 251.16097223925445
  yaw: -0.8899048
  pitch: -8.549993
