timestamps:
  login: 1646924372455
  logout: 1646924591238
ipAddress: 127.0.0.1
lastlocation:
  world: world
  x: -190.5
  y: 67.0
  z: 260.5
  yaw: 0.0
  pitch: 0.0
logoutlocation:
  world: world
  x: -165.88009600904292
  y: 58.0
  z: 274.49847564605096
  yaw: 270.31012
  pitch: 18.149994
