timestamps:
  login: 1645648507624
  logout: 1645648606323
ipAddress: 127.0.0.1
lastlocation:
  world: world
  x: -210.04563644826894
  y: 68.0
  z: 247.30000001192093
  yaw: 176.1101
  pitch: -11.400009
logoutlocation:
  world: world
  x: -166.79541014471397
  y: 72.0
  z: 244.5026648807037
  yaw: 303.76013
  pitch: 17.999994
