timestamps:
  login: 1643647171551
  logout: 1643647223656
ipAddress: 127.0.0.1
lastlocation:
  world: world
  x: -192.5
  y: 69.0
  z: 228.5
  yaw: 0.0
  pitch: 0.0
logoutlocation:
  world: world
  x: -209.77273461575723
  y: 67.5
  z: 247.98186068686317
  yaw: 108.460106
  pitch: 8.717572
