timestamps:
  login: 1646421880029
  lastteleport: 1646421903366
  logout: 1646422035390
ipAddress: 127.0.0.1
lastlocation:
  world: world
  x: -210.49250382019562
  y: 65.0
  z: 249.91426754124666
  yaw: -2.3899014
  pitch: 0.91757107
logoutlocation:
  world: world
  x: -210.5
  y: 38.0
  z: 254.5
  yaw: 141.91011
  pitch: 69.15
