timestamps:
  login: 1646417029834
  lastteleport: 1646412150305
  logout: 1646416528436
ipAddress: 127.0.0.1
lastlocation:
  world: world
  x: -210.49250382019562
  y: 64.0
  z: 249.91426754124666
  yaw: -2.2399013
  pitch: 0.91757107
logoutlocation:
  world: world
  x: -367.81197031313326
  y: 64.0
  z: 370.69999998807907
  yaw: -330.7213
  pitch: 3.5999923
