timestamps:
  login: 1646074133716
  logout: 1646075350080
ipAddress: 127.0.0.1
lastlocation:
  world: world
  x: -85.30000001192091
  y: 30.0
  z: 23.304712709139118
  yaw: 96.91011
  pitch: 90.0
logoutlocation:
  world: world
  x: -246.61243911529172
  y: 29.0
  z: 291.69999998807907
  yaw: 0.38519287
  pitch: 30.750011
