timestamps:
  login: 1645825505053
  logout: 1645821906133
ipAddress: 127.0.0.1
lastlocation:
  world: world
  x: -198.5
  y: 70.0
  z: 233.5
  yaw: 0.0
  pitch: 0.0
logoutlocation:
  world: world
  x: -210.5
  y: 67.0
  z: 249.5
  yaw: -2.539905
  pitch: 82.81758
