timestamps:
  login: 1646247982026
  logout: 1646163092899
ipAddress: 127.0.0.1
lastlocation:
  world: world
  x: -217.96228997911683
  y: 62.43152384527074
  z: 258.6999999880791
  yaw: 197.71014
  pitch: 6.4675717
logoutlocation:
  world: world
  x: -196.00749066505577
  y: 70.0
  z: 250.24489721220138
  yaw: -224.98991
  pitch: 9.599993
