timestamps:
  login: 1646237589611
  logout: 1646237985203
  lastteleport: 1646237928017
ipAddress: 127.0.0.1
lastlocation:
  world: world
  x: -331.69999998807907
  y: 48.0
  z: 522.6999999880791
  yaw: 64.81073
  pitch: 53.1
logoutlocation:
  world: world
  x: -331.69999998807907
  y: 48.0
  z: 522.6999999880791
  yaw: 64.81073
  pitch: 53.1
