timestamps:
  login: 1643752829273
  logout: 1643752866121
ipAddress: 127.0.0.1
lastlocation:
  world: world
  x: -206.5
  y: 68.0
  z: 270.5
  yaw: 0.0
  pitch: 0.0
logoutlocation:
  world: world
  x: -214.46899571009536
  y: 69.0
  z: 240.60224209734042
  yaw: -2.2399292
  pitch: -26.98243
