timestamps:
  login: 1645633196528
  logout: 1645633333829
ipAddress: 127.0.0.1
lastlocation:
  world: world
  x: -219.5
  y: 66.0
  z: 254.5
  yaw: 0.0
  pitch: 0.0
logoutlocation:
  world: world
  x: -201.4834914338285
  y: 69.0
  z: 242.718114429838
  yaw: -93.14377
  pitch: 14.014077
