timestamps:
  login: 1643597138103
  logout: 1643597162053
ipAddress: 127.0.0.1
lastlocation:
  world: world
  x: -191.5
  y: 74.0
  z: 258.5
  yaw: 0.0
  pitch: 0.0
logoutlocation:
  world: world
  x: -210.5
  y: 67.0
  z: 249.5
  yaw: -2.689905
  pitch: 89.41758
