timestamps:
  login: 1643855208964
  logout: 1643856103609
ipAddress: 127.0.0.1
lastlocation:
  world: world
  x: -191.5
  y: 69.0
  z: 227.5
  yaw: 0.0
  pitch: 0.0
logoutlocation:
  world: world
  x: -190.30000001192093
  y: 60.0
  z: 173.34623671090344
  yaw: -96.28998
  pitch: 51.900013
