timestamps:
  login: 1643778934473
  logout: 1643779335954
ipAddress: 127.0.0.1
lastlocation:
  world: world
  x: -191.5
  y: 68.0
  z: 268.5
  yaw: 0.0
  pitch: 0.0
logoutlocation:
  world: world
  x: -198.5650753269708
  y: 71.0
  z: 304.1762236009881
  yaw: -0.4399414
  pitch: 22.350008
