timestamps:
  login: 1643823214737
  logout: 1643823299740
ipAddress: 127.0.0.1
lastlocation:
  world: world
  x: -217.84267561259736
  y: 67.0
  z: 244.4992714522456
  yaw: 153.91011
  pitch: -1.9500083
logoutlocation:
  world: world
  x: -205.61750916266763
  y: 68.0
  z: 243.30000001192093
  yaw: 244.96011
  pitch: 19.799994
