timestamps:
  login: 1646913344709
  logout: 1646914029010
ipAddress: 127.0.0.1
lastlocation:
  world: world
  x: -457.57909305692726
  y: 70.63588500535488
  z: 316.38934445584806
  yaw: 210.91011
  pitch: 23.417574
logoutlocation:
  world: world
  x: -263.904555189604
  y: 64.0
  z: 813.6878741857633
  yaw: -53.239906
  pitch: -49.032433
