timestamps:
  login: 1645982262651
  logout: 1645982354700
ipAddress: 127.0.0.1
lastlocation:
  world: world
  x: -230.5
  y: 68.0
  z: 230.5
  yaw: 0.0
  pitch: 0.0
logoutlocation:
  world: world
  x: -238.69999998807907
  y: 70.0
  z: 239.15805655872768
  yaw: 50.710102
  pitch: -5.3824296
