timestamps:
  login: 1643722722531
  logout: 1643722767380
ipAddress: 127.0.0.1
lastlocation:
  world: world
  x: -210.5
  y: 70.0
  z: 228.5
  yaw: 0.0
  pitch: 0.0
logoutlocation:
  world: world
  x: -210.5
  y: 67.0
  z: 249.5
  yaw: -1.3399049
  pitch: 86.41758
