timestamps:
  login: 1646327386568
  logout: 1646327419866
ipAddress: 127.0.0.1
lastlocation:
  world: world
  x: -211.5
  y: 69.0
  z: 242.5
  yaw: 0.0
  pitch: 0.0
logoutlocation:
  world: world
  x: -149.0425515019223
  y: 70.0
  z: -175.11064823937014
  yaw: 217.8103
  pitch: 27.30001
