timestamps:
  login: 1646416086635
ipAddress: 127.0.0.1
lastlocation:
  world: world
  x: -190.5
  y: 68.0
  z: 248.5
  yaw: 0.0
  pitch: 0.0
logoutlocation:
  world: world
  x: -81.5059932657797
  y: 82.0
  z: 260.0300317181921
  yaw: 103.81027
  pitch: 39.749996
