timestamps:
  login: 1643649932189
  logout: 1643649959388
ipAddress: 127.0.0.1
lastlocation:
  world: world
  x: -202.5
  y: 69.0
  z: 237.5
  yaw: 0.0
  pitch: 0.0
logoutlocation:
  world: world
  x: -210.5
  y: 64.0
  z: 249.5
  yaw: 4.5100956
  pitch: 86.71758
