timestamps:
  login: 1643650481156
  logout: 1643651243714
ipAddress: 127.0.0.1
lastlocation:
  world: world
  x: -210.5
  y: 64.0
  z: 249.5
  yaw: -0.5899048
  pitch: 89.41758
logoutlocation:
  world: world
  x: -357.300000011921
  y: 60.0
  z: 596.6999999880791
  yaw: 109.210205
  pitch: 68.25
