timestamps:
  login: 1643812231964
  logout: 1643812316171
ipAddress: 127.0.0.1
lastlocation:
  world: world
  x: -204.5
  y: 69.0
  z: 237.5
  yaw: 0.0
  pitch: 0.0
logoutlocation:
  world: world
  x: -214.3834952692206
  y: 68.0
  z: 248.39442257831982
  yaw: 38.110138
  pitch: 14.55001
