timestamps:
  login: 1643826998331
  logout: 1643827010480
ipAddress: 127.0.0.1
lastlocation:
  world: world
  x: -205.5
  y: 75.0
  z: 226.5
  yaw: 0.0
  pitch: 0.0
logoutlocation:
  world: world
  x: -210.5
  y: 67.0
  z: 249.5
  yaw: -1.0399048
  pitch: 83.26758
