timestamps:
  login: 1646186969738
ipAddress: 127.0.0.1
lastlocation:
  world: world
  x: -207.5
  y: 67.0
  z: 259.5
  yaw: 0.0
  pitch: 0.0
logoutlocation:
  world: world
  x: -210.59410282997234
  y: 67.0
  z: 253.2144509132484
  yaw: 67.5101
  pitch: 5.8675714
