timestamps:
  login: 1647623856781
  logout: 1647623916727
ipAddress: 127.0.0.1
lastlocation:
  world: world
  x: -227.5
  y: 68.0
  z: 248.5
  yaw: 0.0
  pitch: 0.0
logoutlocation:
  world: world
  x: -210.5
  y: 67.0
  z: 252.5
  yaw: 1.5101318
  pitch: 14.400009
