timestamps:
  login: 1646916484515
  logout: 1646916436057
ipAddress: 127.0.0.1
lastlocation:
  world: world
  x: -195.5
  y: 68.0
  z: 270.5
  yaw: 0.0
  pitch: 0.0
logoutlocation:
  world: world
  x: -210.49923538962824
  y: 64.0
  z: 249.5195850066096
  yaw: -2.2399013
  pitch: 0.91757107
