timestamps:
  login: 1646427834547
  logout: 1646427944922
ipAddress: 127.0.0.1
lastlocation:
  world: world
  x: -233.5
  y: 71.0
  z: 262.5
  yaw: 0.0
  pitch: 0.0
logoutlocation:
  world: world
  x: 51.88859817314151
  y: 69.0
  z: 205.5554937010917
  yaw: -297.8901
  pitch: -11.699993
