timestamps:
  login: 1645919657303
  logout: 1645919657302
ipAddress: 127.0.0.1
lastlocation:
  world: world
  x: -227.5
  y: 71.0
  z: 274.5
  yaw: 0.0
  pitch: 0.0
logoutlocation:
  world: world
  x: -211.5
  y: 67.0
  z: 249.5
  yaw: -1.1899012
  pitch: -1.4824291
