timestamps:
  login: 1646267355303
  logout: 1646267358375
ipAddress: 127.0.0.1
lastlocation:
  world: world
  x: -206.5
  y: 70.0
  z: 223.5
  yaw: 0.0
  pitch: 0.0
logoutlocation:
  world: world
  x: -210.5
  y: 67.0
  z: 248.5
  yaw: -2.2399013
  pitch: 0.91757107
