timestamps:
  login: 1646417428583
  lastteleport: 1646417646639
  logout: 1646417767054
ipAddress: 127.0.0.1
lastlocation:
  world: world
  x: -210.49250382019562
  y: 64.0
  z: 249.91426754124666
  yaw: -2.2399013
  pitch: 0.76757103
logoutlocation:
  world: world
  x: -2467.141286612814
  y: 48.0
  z: 378.9903031675119
  yaw: 46.388954
  pitch: -43.80001
afk: false
