timestamps:
  login: 1643743482646
  logout: 1643743508547
ipAddress: 127.0.0.1
lastlocation:
  world: world
  x: -225.5
  y: 66.0
  z: 223.5
  yaw: 0.0
  pitch: 0.0
logoutlocation:
  world: world
  x: -210.5
  y: 67.0
  z: 249.5
  yaw: -0.7399048
  pitch: 89.41758
