timestamps:
  login: 1646264774548
  logout: 1646266186269
  lastteleport: 1646265985940
ipAddress: 127.0.0.1
lastlocation:
  world: world
  x: -210.49250382019562
  y: 68.0
  z: 249.91426754124666
  yaw: -2.2399013
  pitch: 0.91757107
logoutlocation:
  world: world_nether
  x: 59.782548636669226
  y: 128.0
  z: 190.98350951103444
  yaw: 323.41003
  pitch: 8.250009
