timestamps:
  login: 1646411333277
ipAddress: 127.0.0.1
lastlocation:
  world: world
  x: -196.5
  y: 69.0
  z: 244.5
  yaw: 0.0
  pitch: 0.0
logoutlocation:
  world: world
  x: -148.85107342905042
  y: 72.0
  z: 262.22273699318
  yaw: -151.63991
  pitch: 14.717572
