timestamps:
  login: 1646408622889
  lastteleport: 1646315971424
  logout: 1646316004560
ipAddress: 127.0.0.1
lastlocation:
  world: world
  x: -210.49250382019562
  y: 68.0
  z: 249.91426754124666
  yaw: -2.2399013
  pitch: 0.91757107
logoutlocation:
  world: world
  x: 167.685530037991
  y: 64.0
  z: 20.754058741018937
  yaw: 1.3631592
  pitch: 36.449997
afk: false
homes:
  home:
    world: world
    x: 168.29367217527857
    y: 64.0
    z: 21.34312648861817
    yaw: 102.76288
    pitch: 10.499993
