timestamps:
  login: 1646416498746
ipAddress: 127.0.0.1
lastlocation:
  world: world
  x: -233.5
  y: 67.0
  z: 224.5
  yaw: 0.0
  pitch: 0.0
logoutlocation:
  world: world
  x: -210.437805974651
  y: 57.0
  z: 249.86520677522194
  yaw: -262.33994
  pitch: 9.749992
