timestamps:
  login: 1646268363239
  lastteleport: 1646268467184
  logout: 1646268474069
ipAddress: 127.0.0.1
lastlocation:
  world: world
  x: -210.49250382019562
  y: 68.0
  z: 249.91426754124666
  yaw: -11.539902
  pitch: 12.767572
homes:
  home:
    world: world
    x: -218.38294016403506
    y: 8.0
    z: 424.4664896328136
    yaw: 3.6667519
    pitch: 12.393743
logoutlocation:
  world: world
  x: -221.7430820321258
  y: 8.0
  z: 416.30000001192093
  yaw: -168.83327
  pitch: 40.349995
afk: false
