timestamps:
  login: 1643808831903
  lastteleport: 1643632478087
  logout: 1643808858897
ipAddress: 127.0.0.1
lastlocation:
  world: world
  x: -210.3046404383045
  y: 67.0
  z: 249.54926548148748
  yaw: -0.5899048
  pitch: 89.41758
logoutlocation:
  world: world
  x: -140.7117404064635
  y: 64.0
  z: 749.341387223307
  yaw: 90.61023
  pitch: -4.2000074
