timestamps:
  login: 1643736691165
  logout: 1643736759613
ipAddress: 127.0.0.1
lastlocation:
  world: world
  x: -211.5
  y: 65.0
  z: 262.5
  yaw: 0.0
  pitch: 0.0
logoutlocation:
  world: world
  x: -212.69999998807907
  y: 67.0
  z: 247.30000001192093
  yaw: -341.08994
  pitch: -42.749996
