timestamps:
  login: 1643653008389
  logout: 1643653076301
ipAddress: 127.0.0.1
lastlocation:
  world: world
  x: -232.5
  y: 71.0
  z: 272.5
  yaw: 0.0
  pitch: 0.0
logoutlocation:
  world: world
  x: -210.4170859612442
  y: 70.0
  z: 236.30000001192093
  yaw: 151.81015
  pitch: 47.117577
