timestamps:
  login: 1643666420973
  logout: 1643666424523
ipAddress: 127.0.0.1
lastlocation:
  world: world
  x: -208.30000001192093
  y: 67.0
  z: 251.73372608301648
  yaw: -4.3399053
  pitch: -44.982433
logoutlocation:
  world: world
  x: -188.85687083500437
  y: 70.0
  z: 246.64168451494436
  yaw: -55.639954
  pitch: 2.9999921
