timestamps:
  login: 1643582828087
  logout: 1643582877287
ipAddress: 127.0.0.1
logoutlocation:
  world: world
  x: -208.74210742944948
  y: 73.0
  z: 268.5693332937176
  yaw: -60.75565
  pitch: 90.0
