timestamps:
  login: 1646402185054
  logout: 1646402285569
  lastteleport: 1646193495298
ipAddress: 127.0.0.1
lastlocation:
  world: world
  x: -213.5
  y: 64.0
  z: 258.5
  yaw: 0.0
  pitch: 0.0
logoutlocation:
  world: world
  x: -210.5
  y: 64.0
  z: 249.5
  yaw: -2.2399013
  pitch: 0.91757107
homes:
  home:
    world: world
    x: 100.24803729845549
    y: 62.0
    z: 65.6027904400456
    yaw: 204.16028
    pitch: 46.650013
afk: false
