timestamps:
  login: 1645316788359
  lastteleport: 1645317629750
  logout: 1645317959308
ipAddress: 127.0.0.1
lastlocation:
  world: world
  x: -210.3046404383045
  y: 67.0
  z: 249.54926548148748
  yaw: -64.33991
  pitch: 50.549995
logoutlocation:
  world: world
  x: -455.69999998807907
  y: 26.0
  z: 142.8329267545214
  yaw: 86.2601
  pitch: -72.45001
homes:
  home:
    world: world
    x: -420.30000001192093
    y: 31.0
    z: 180.30000001192093
    yaw: 256.81012
    pitch: 33.167572
