timestamps:
  login: 1646245355368
  logout: 1646245542823
ipAddress: 127.0.0.1
lastlocation:
  world: world
  x: -199.6503178543563
  y: 61.0
  z: 201.6999999880791
  yaw: 132.05463
  pitch: 63.325516
logoutlocation:
  world: world
  x: -298.69999998807907
  y: 64.0
  z: 246.30000001192093
  yaw: -22.654047
  pitch: -90.0
