timestamps:
  login: 1646229335169
  logout: 1646229362251
ipAddress: 127.0.0.1
lastlocation:
  world: world
  x: -229.5
  y: 67.0
  z: 229.5
  yaw: 0.0
  pitch: 0.0
logoutlocation:
  world: world
  x: -210.5
  y: 67.0
  z: 249.5
  yaw: -2.2399013
  pitch: 1.3675711
