timestamps:
  login: 1646889492547
  lastteleport: 1646888785310
  logout: 1646889552297
ipAddress: 127.0.0.1
lastlocation:
  world: world
  x: -340.4811115421519
  y: 66.0
  z: 232.46484198747052
  yaw: 285.34692
  pitch: 27.449995
logoutlocation:
  world: world_nether
  x: -42.524090016090184
  y: 72.0
  z: 30.76209114959348
  yaw: 139.95001
  pitch: 33.300003
