timestamps:
  login: 1646078894208
  logout: 1646078920717
ipAddress: 127.0.0.1
lastlocation:
  world: world
  x: -222.5
  y: 68.0
  z: 241.5
  yaw: 0.0
  pitch: 0.0
logoutlocation:
  world: world
  x: -210.5
  y: 68.0
  z: 249.5
  yaw: -2.9899013
  pitch: 0.91757107
