timestamps:
  login: 1646079065918
ipAddress: 127.0.0.1
logoutlocation:
  world: world
  x: -210.5
  y: 68.0
  z: 249.5
  yaw: -2.2399013
  pitch: 0.91757107
