timestamps:
  login: 1643823564463
  logout: 1643823628156
ipAddress: 127.0.0.1
lastlocation:
  world: world
  x: -200.5
  y: 67.0
  z: 273.5
  yaw: 0.0
  pitch: 0.0
logoutlocation:
  world: world
  x: -207.1790867158695
  y: 68.0
  z: 245.57499998807907
  yaw: -119.239914
  pitch: -38.249996
