timestamps:
  login: 1646937089695
  logout: 1646937182234
ipAddress: 127.0.0.1
lastlocation:
  world: world
  x: -233.5
  y: 70.0
  z: 269.5
  yaw: 0.0
  pitch: 0.0
logoutlocation:
  world: world
  x: -210.5
  y: 65.0
  z: 249.5
  yaw: -2.3899014
  pitch: -2.3824291
