timestamps:
  login: 1643657108683
  kits:
    tools: 1643585356016
  lastteleport: 1643649265531
  logout: 1643657152007
ipAddress: 127.0.0.1
lastlocation:
  world: world
  x: -169.1002867288081
  y: 70.00133597911214
  z: 299.2375579330567
  yaw: -69.58993
  pitch: 31.799994
afk: false
logoutlocation:
  world: world
  x: -160.98874185276256
  y: 54.0
  z: -352.30000001192093
  yaw: -150.28998
  pitch: 56.699997
ban:
  reason: '§4Banned:

    §rThe Ban Hammer has spoken!'
  timeout: 0
