timestamps:
  login: 1646151990877
  logout: 1646152598187
ipAddress: 127.0.0.1
lastlocation:
  world: world
  x: -691.3000000119209
  y: 46.0
  z: 216.58048348711762
  yaw: 135.16016
  pitch: 90.0
logoutlocation:
  world: world_nether
  x: -26.69999998807907
  y: 71.0
  z: 10.300000011920929
  yaw: 56.110104
  pitch: -39.899994
