timestamps:
  login: 1646151154793
  logout: 1646151193187
ipAddress: 127.0.0.1
lastlocation:
  world: world
  x: -207.69999998807907
  y: 64.0
  z: 198.81414688226621
  yaw: 57.01013
  pitch: 30.317574
logoutlocation:
  world: world
  x: -210.49250382019562
  y: 67.0
  z: 249.91426754124666
  yaw: -68.839905
  pitch: 55.667576
