timestamps:
  login: 1643827229781
  logout: 1643827250480
ipAddress: 127.0.0.1
lastlocation:
  world: world
  x: -224.5
  y: 69.0
  z: 267.5
  yaw: 0.0
  pitch: 0.0
logoutlocation:
  world: world
  x: -210.5
  y: 67.0
  z: 249.5
  yaw: -0.39406478
  pitch: 89.41758
