timestamps:
  login: 1648044628577
  logout: 1648044669584
ipAddress: 127.0.0.1
lastlocation:
  world: world
  x: -200.1963304637452
  y: 69.0
  z: 262.738829436936
  yaw: -159.46857
  pitch: 9.949055
logoutlocation:
  world: world
  x: -198.92500001192093
  y: 64.0
  z: 279.69999998807907
  yaw: -242.86859
  pitch: -1.7509469
