timestamps:
  login: 1645638201579
  logout: 1645638261328
ipAddress: 127.0.0.1
lastlocation:
  world: world
  x: -215.5
  y: 69.0
  z: 235.5
  yaw: 0.0
  pitch: 0.0
logoutlocation:
  world: world
  x: -210.5
  y: 67.0
  z: 249.5
  yaw: -0.5899048
  pitch: 89.71758
