timestamps:
  login: 1646067153000
  logout: 1646067225183
ipAddress: 127.0.0.1
lastlocation:
  world: world
  x: -230.5
  y: 68.0
  z: 267.5
  yaw: 0.0
  pitch: 0.0
logoutlocation:
  world: world
  x: -210.5
  y: 68.0
  z: 249.5
  yaw: 0.010098897
  pitch: -1.4824291
