timestamps:
  login: 1646259264552
  logout: 1646260091436
ipAddress: 127.0.0.1
lastlocation:
  world: world_nether
  x: -25.954011733326073
  y: 70.9140114523433
  z: 6.300000011920931
  yaw: 153.01054
  pitch: 19.20001
logoutlocation:
  world: world_nether
  x: -25.30000001192093
  y: 70.0
  z: 6.300000011920931
  yaw: 153.01054
  pitch: 19.20001
