timestamps:
  login: 1646156691162
  logout: 1646157085305
ipAddress: 127.0.0.1
lastlocation:
  world: world
  x: -223.5
  y: 73.0
  z: 271.5
  yaw: 0.0
  pitch: 0.0
logoutlocation:
  world: world
  x: -84.64152216056698
  y: 64.0
  z: 143.3279816098257
  yaw: 87.61017
  pitch: 13.199993
