timestamps:
  login: 1646080544179
  logout: 1646080865089
ipAddress: 127.0.0.1
lastlocation:
  world: world
  x: -155.04543032342445
  y: 65.16610926093821
  z: 175.93593958996428
  yaw: -245.53998
  pitch: -1.7999921
logoutlocation:
  world: world
  x: -188.1980189352536
  y: 68.0
  z: 163.3320135444991
  yaw: -18.589935
  pitch: 18.767572
