timestamps:
  login: 1646076843775
  logout: 1646076924268
ipAddress: 127.0.0.1
lastlocation:
  world: world
  x: -220.5
  y: 69.0
  z: 234.5
  yaw: 0.0
  pitch: 0.0
logoutlocation:
  world: world
  x: -283.69999998807907
  y: 68.0
  z: 264.872349705112
  yaw: 91.810104
  pitch: 18.617573
