timestamps:
  login: 1646075573633
  logout: 1646075693162
ipAddress: 127.0.0.1
lastlocation:
  world: world
  x: -269.5495254015954
  y: 68.0
  z: 298.8806856719126
  yaw: 125.56011
  pitch: -0.88242906
logoutlocation:
  world: world
  x: -210.49250382019562
  y: 68.0
  z: 249.91426754124666
  yaw: -4.0399013
  pitch: -45.432434
