timestamps:
  login: 1646237824496
  logout: 1646237886971
ipAddress: 127.0.0.1
lastlocation:
  world: world
  x: -214.5
  y: 68.0
  z: 238.5
  yaw: 0.0
  pitch: 0.0
logoutlocation:
  world: world
  x: 238.6614143096795
  y: 74.0
  z: -20.544837762050804
  yaw: 329.33527
  pitch: 22.649994
