timestamps:
  login: 1646148089804
  logout: 1646148161703
ipAddress: 127.0.0.1
lastlocation:
  world: world
  x: -205.5
  y: 67.0
  z: 272.5
  yaw: 0.0
  pitch: 0.0
logoutlocation:
  world: world
  x: -366.1891982195616
  y: 66.0
  z: 226.30000001192093
  yaw: 116.56011
  pitch: 5.4175715
