timestamps:
  login: 1646072293758
  logout: 1646072274558
ipAddress: 127.0.0.1
lastlocation:
  world: world
  x: -226.5801420195768
  y: 71.16610926093821
  z: 278.28800477842117
  yaw: -227.53998
  pitch: 5.5675716
logoutlocation:
  world: world
  x: -207.88498488914246
  y: 68.0
  z: 248.8767682420522
  yaw: 70.810104
  pitch: 11.567572
