timestamps:
  login: 1646072591669
  logout: 1646072548953
ipAddress: 127.0.0.1
lastlocation:
  world: world
  x: -201.5
  y: 68.0
  z: 267.5
  yaw: 0.0
  pitch: 0.0
logoutlocation:
  world: world
  x: -210.5
  y: 68.0
  z: 249.5
  yaw: -1.9399012
  pitch: 0.76757103
