timestamps:
  login: 1645305800671
  logout: 1645305846161
ipAddress: 127.0.0.1
lastlocation:
  world: world
  x: -209.5
  y: 73.0
  z: 226.5
  yaw: 0.0
  pitch: 0.0
logoutlocation:
  world: world
  x: -224.55964138829398
  y: 71.0
  z: 157.13061512865792
  yaw: 286.3601
  pitch: 12.767572
