timestamps:
  login: 1646319751802
  logout: 1646319765652
ipAddress: 127.0.0.1
lastlocation:
  world: world
  x: -256.0542760495696
  y: 68.0
  z: 360.42183456785165
  yaw: -2.3899014
  pitch: 12.767572
logoutlocation:
  world: world
  x: -210.49250382019562
  y: 67.0
  z: 249.91426754124666
  yaw: -217.18993
  pitch: -79.80002
