timestamps:
  login: 1646419234528
  lastteleport: 1646405379985
  logout: 1646419275843
ipAddress: 127.0.0.1
lastlocation:
  world: world
  x: -210.5
  y: 64.0
  z: 249.5
  yaw: -2.2399013
  pitch: 0.91757107
logoutlocation:
  world: world
  x: -197.75810237637347
  y: 67.0
  z: 254.69999998807907
  yaw: -177.13995
  pitch: 28.349995
