timestamps:
  login: 1646160136898
  logout: 1646160270906
ipAddress: 127.0.0.1
lastlocation:
  world: world
  x: -210.5
  y: 69.0
  z: 242.5
  yaw: 0.0
  pitch: 0.0
logoutlocation:
  world: world
  x: -210.5
  y: 58.0
  z: 249.5
  yaw: -5.3899016
  pitch: 1.067571
