timestamps:
  login: 1643655355964
  logout: 1643655562877
ipAddress: 127.0.0.1
lastlocation:
  world: world
  x: -209.88602408453175
  y: 8.0
  z: 318.4984395431071
  yaw: 76.6601
  pitch: 17.999994
logoutlocation:
  world: world
  x: -209.88602408453175
  y: 8.0
  z: 318.4912792567281
  yaw: 76.6601
  pitch: 17.999994
