timestamps:
  login: 1646261780897
  logout: 1646261834841
ipAddress: 127.0.0.1
lastlocation:
  world: world
  x: -224.5
  y: 68.0
  z: 241.5
  yaw: 0.0
  pitch: 0.0
logoutlocation:
  world: world
  x: -210.5
  y: 67.0
  z: 249.5
  yaw: -2.2399013
  pitch: 0.91757107
