timestamps:
  login: 1643744917837
  lastteleport: 1643729342905
  logout: 1643745281121
ipAddress: 127.0.0.1
lastlocation:
  world: world
  x: -230.83123163864238
  y: 63.0
  z: 207.69999998807907
  yaw: -65.839966
  pitch: 5.2499924
logoutlocation:
  world: world
  x: -246.30000001192093
  y: 64.0
  z: 29.30000001192095
  yaw: -334.93994
  pitch: -30.149994
