timestamps:
  login: 1646413202075
ipAddress: 127.0.0.1
lastlocation:
  world: world
  x: 49.69999998807907
  y: 10.921599998474122
  z: 252.58410363407535
  yaw: 268.96024
  pitch: 85.5
logoutlocation:
  world: world
  x: -210.49250382019562
  y: 67.0
  z: 249.91426754124666
  yaw: -2.2399013
  pitch: 0.91757107
