timestamps:
  login: 1646183988664
  logout: 1646183994162
ipAddress: 127.0.0.1
lastlocation:
  world: world
  x: -206.5
  y: 68.0
  z: 264.5
  yaw: 0.0
  pitch: 0.0
logoutlocation:
  world: world
  x: -209.5
  y: 67.0
  z: 250.5
  yaw: -8.058658
  pitch: -0.77515805
