timestamps:
  login: 1643834034828
  logout: 1643834095479
ipAddress: 127.0.0.1
lastlocation:
  world: world
  x: -212.69999998807907
  y: 67.0
  z: 248.50929038843412
  yaw: 256.9601
  pitch: 12.149993
logoutlocation:
  world: world
  x: -210.3046404383045
  y: 67.0
  z: 249.54926548148748
  yaw: -0.5899048
  pitch: 89.41758
