timestamps:
  login: 1646053660547
  logout: 1646053668594
ipAddress: 127.0.0.1
lastlocation:
  world: world
  x: -195.5
  y: 70.0
  z: 274.5
  yaw: 0.0
  pitch: 0.0
logoutlocation:
  world: world
  x: -211.5
  y: 68.0
  z: 249.5
  yaw: -2.2399013
  pitch: 0.91757107
