timestamps:
  login: 1643825991001
  logout: 1643826209428
ipAddress: 127.0.0.1
lastlocation:
  world: world
  x: -231.5
  y: 74.0
  z: 249.5
  yaw: 0.0
  pitch: 0.0
logoutlocation:
  world: world
  x: -202.59722563902866
  y: 68.0
  z: 250.69999998807907
  yaw: -15.08374
  pitch: -90.0
