timestamps:
  login: 1647444446340
  logout: 1647444500297
ipAddress: 127.0.0.1
lastlocation:
  world: world
  x: -205.5
  y: 69.0
  z: 268.5
  yaw: 0.0
  pitch: 0.0
logoutlocation:
  world: world
  x: -210.5
  y: 65.0
  z: 249.5
  yaw: -1.4899012
  pitch: 1.9675711
