timestamps:
  login: 1646406863827
ipAddress: 127.0.0.1
lastlocation:
  world: world
  x: -218.5
  y: 70.0
  z: 227.5
  yaw: 0.0
  pitch: 0.0
logoutlocation:
  world: world
  x: -204.64562645678262
  y: 44.0
  z: -355.6779723635974
  yaw: 84.9104
  pitch: 2.5499897
