timestamps:
  login: 1645638304978
  logout: 1645638311328
ipAddress: 127.0.0.1
lastlocation:
  world: world
  x: -204.5
  y: 70.0
  z: 232.5
  yaw: 0.0
  pitch: 0.0
logoutlocation:
  world: world
  x: -220.52618352656623
  y: 66.0
  z: 259.5071694576865
  yaw: 85.210106
  pitch: -2.3824286
