timestamps:
  login: 1643740213213
  logout: 1643740252113
ipAddress: 127.0.0.1
lastlocation:
  world: world
  x: -209.5
  y: 70.0
  z: 233.5
  yaw: 0.0
  pitch: 0.0
logoutlocation:
  world: world
  x: -210.5
  y: 67.0
  z: 249.5
  yaw: -0.5899048
  pitch: 89.41758
