timestamps:
  login: 1643814705461
  logout: 1643814793545
ipAddress: 127.0.0.1
lastlocation:
  world: world
  x: -199.5
  y: 69.0
  z: 238.5
  yaw: 0.0
  pitch: 0.0
logoutlocation:
  world: world
  x: -210.5
  y: 67.0
  z: 249.5
  yaw: 1.0600953
  pitch: 87.76758
