timestamps:
  login: 1646919231134
  logout: 1646920812604
  lastteleport: 1646920678219
ipAddress: 127.0.0.1
lastlocation:
  world: world
  x: -210.49250382019562
  y: 64.0
  z: 249.91426754124666
  yaw: -2.2399013
  pitch: 0.91757107
logoutlocation:
  world: world
  x: -178.05851190777335
  y: 75.0
  z: 394.2321635209012
  yaw: 69.46002
  pitch: 4.950009
