timestamps:
  login: 1646428380148
  logout: 1646428392126
ipAddress: 127.0.0.1
lastlocation:
  world: world
  x: -194.5
  y: 70.0
  z: 244.5
  yaw: 0.0
  pitch: 0.0
logoutlocation:
  world: world
  x: -210.5
  y: 64.0
  z: 249.5
  yaw: -2.5399013
  pitch: 1.2175711
