timestamps:
  login: 1643611591927
  logout: 1643611731924
ipAddress: 127.0.0.1
lastlocation:
  world: world
  x: -217.5
  y: 67.0
  z: 269.5
  yaw: 0.0
  pitch: 0.0
logoutlocation:
  world: world
  x: -184.72207503181795
  y: 74.0
  z: 316.15406755797517
  yaw: 129.4602
  pitch: 13.817573
