timestamps:
  login: 1647460031777
  lastteleport: 1646154357183
  logout: 1647460053277
ipAddress: 127.0.0.1
lastlocation:
  world: world
  x: -213.5
  y: 65.0
  z: 253.5
  yaw: 0.0
  pitch: 0.0
logoutlocation:
  world: world
  x: -210.5
  y: 65.0
  z: 249.5
  yaw: -2.2399013
  pitch: 0.91757107
