timestamps:
  login: 1646409797514
  logout: 1646409845198
ipAddress: 127.0.0.1
lastlocation:
  world: world
  x: -200.5
  y: 69.0
  z: 256.5
  yaw: 0.0
  pitch: 0.0
logoutlocation:
  world: world
  x: -65.15129655544821
  y: 64.0
  z: 157.8093942540825
  yaw: -89.98993
  pitch: 14.117572
