timestamps:
  login: 1646155346104
  logout: 1646155515587
ipAddress: 127.0.0.1
lastlocation:
  world: world
  x: -224.5
  y: 71.0
  z: 240.5
  yaw: 0.0
  pitch: 0.0
logoutlocation:
  world: world
  x: -210.5
  y: 67.0
  z: 249.5
  yaw: -3.7399015
  pitch: 2.117571
