timestamps:
  login: 1643744692225
  logout: 1643744703622
ipAddress: 127.0.0.1
lastlocation:
  world: world
  x: -185.5
  y: 70.0
  z: 230.5
  yaw: 0.0
  pitch: 0.0
logoutlocation:
  world: world
  x: -210.5
  y: 67.0
  z: 249.5
  yaw: -1.6399049
  pitch: 83.71758
