timestamps:
  login: 1643751582621
  logout: 1643751606121
ipAddress: 127.0.0.1
lastlocation:
  world: world
  x: -208.30000001192093
  y: 67.58230961125521
  z: 252.69999998807907
  yaw: 41.260098
  pitch: -90.0
logoutlocation:
  world: world
  x: -210.3046404383045
  y: 67.0
  z: 249.54926548148748
  yaw: -0.5899048
  pitch: 89.41758
