timestamps:
  login: 1647012709453
  logout: 1647012737350
ipAddress: 127.0.0.1
lastlocation:
  world: world
  x: -229.5
  y: 71.0
  z: 272.5
  yaw: 0.0
  pitch: 0.0
logoutlocation:
  world: world
  x: -210.5
  y: 64.0
  z: 249.5
  yaw: -6.8899016
  pitch: -1.482429
