timestamps:
  login: 1643649417469
  logout: 1643649612297
ipAddress: 127.0.0.1
lastlocation:
  world: world
  x: -207.69999998807907
  y: 74.0
  z: 253.30000001192087
  yaw: 160.21014
  pitch: 17.099993
logoutlocation:
  world: world
  x: -207.69999998807907
  y: 74.0
  z: 253.30000001192087
  yaw: 160.21014
  pitch: 17.099993
