timestamps:
  login: 1643820689534
  logout: 1643820814211
ipAddress: 127.0.0.1
lastlocation:
  world: world
  x: -236.5
  y: 73.0
  z: 239.5
  yaw: 0.0
  pitch: 0.0
logoutlocation:
  world: world
  x: -186.18857879526777
  y: 64.0
  z: -124.75558571055691
  yaw: -305.7279
  pitch: 0.16766404
