timestamps:
  login: 1646407680142
  logout: 1646407727582
ipAddress: 127.0.0.1
lastlocation:
  world: world
  x: -207.30000001192093
  y: 57.0
  z: 253.30000001192093
  yaw: -127.489914
  pitch: 7.3675714
logoutlocation:
  world: world
  x: -187.69999998807907
  y: 28.0
  z: 299.44029536953053
  yaw: 220.96014
  pitch: -35.232433
