timestamps:
  login: 1647274090441
  logout: 1647274148991
ipAddress: 127.0.0.1
lastlocation:
  world: world
  x: -210.5
  y: 67.0
  z: 249.5
  yaw: -0.5899048
  pitch: 89.41758
logoutlocation:
  world: world
  x: -210.49250382019562
  y: 76.0
  z: 249.91426754124666
  yaw: -2.2399013
  pitch: 0.91757107
