timestamps:
  login: 1644804730635
  logout: 1644804921685
ipAddress: 127.0.0.1
lastlocation:
  world: world
  x: -208.80830923943597
  y: 67.0
  z: 252.0362798890886
  yaw: 134.71011
  pitch: -30.150011
logoutlocation:
  world: world
  x: -214.30000001192093
  y: 69.0
  z: 215.56835501970517
  yaw: 60.1601
  pitch: 74.549995
