timestamps:
  login: 1643726024627
  logout: 1643726478177
ipAddress: 127.0.0.1
lastlocation:
  world: world
  x: -236.5
  y: 71.0
  z: 262.5
  yaw: 0.0
  pitch: 0.0
logoutlocation:
  world: world
  x: -429.55811031878835
  y: 77.0
  z: 112.07644125422155
  yaw: 181.19136
  pitch: -13.050009
