timestamps:
  login: 1647878271275
  logout: 1647878275192
ipAddress: 127.0.0.1
lastlocation:
  world: world
  x: -218.5
  y: 68.0
  z: 265.5
  yaw: 0.0
  pitch: 0.0
logoutlocation:
  world: world
  x: -210.5
  y: 67.0
  z: 252.5
  yaw: 3.4601321
  pitch: 19.35001
