timestamps:
  login: 1646070818043
  logout: 1646070913376
ipAddress: 127.0.0.1
lastlocation:
  world: world
  x: -187.5
  y: 70.0
  z: 256.5
  yaw: 0.0
  pitch: 0.0
logoutlocation:
  world: world
  x: -210.5
  y: 68.0
  z: 249.5
  yaw: 0.010098897
  pitch: 6.3175716
