timestamps:
  login: 1646408910175
  logout: 1646319878152
ipAddress: 127.0.0.1
lastlocation:
  world: world
  x: -226.5
  y: 71.0
  z: 274.5
  yaw: 0.0
  pitch: 0.0
logoutlocation:
  world: world
  x: -391.6815122822818
  y: 64.0
  z: 178.70635490483104
  yaw: -13.639949
  pitch: -67.65002
