timestamps:
  login: 1645844253554
  logout: 1645844312801
ipAddress: 127.0.0.1
lastlocation:
  world: world
  x: -220.5
  y: 73.0
  z: 233.5
  yaw: 0.0
  pitch: 0.0
logoutlocation:
  world: world
  x: -210.5
  y: 67.0
  z: 249.5
  yaw: -0.5899048
  pitch: 89.26758
