timestamps:
  login: 1646325541665
  logout: 1646325780401
ipAddress: 127.0.0.1
lastlocation:
  world: world
  x: -233.5
  y: 69.0
  z: 237.5
  yaw: 0.0
  pitch: 0.0
logoutlocation:
  world: world
  x: -250.45610815707283
  y: 75.0
  z: 173.73605206530837
  yaw: -24.589966
  pitch: -4.0500083
