timestamps:
  login: 1643662706620
  logout: 1643662736919
ipAddress: 127.0.0.1
lastlocation:
  world: world
  x: -191.5
  y: 74.0
  z: 257.5
  yaw: 0.0
  pitch: 0.0
logoutlocation:
  world: world
  x: -210.6289597876156
  y: 67.0
  z: 251.45332838978962
  yaw: 182.1101
  pitch: 11.999993
