timestamps:
  login: 1643610883550
  logout: 1643610941924
ipAddress: 127.0.0.1
lastlocation:
  world: world
  x: -231.5
  y: 68.0
  z: 267.5
  yaw: 0.0
  pitch: 0.0
logoutlocation:
  world: world
  x: -210.5
  y: 65.0
  z: 249.5
  yaw: -0.5899048
  pitch: 89.41758
