timestamps:
  login: 1643654195145
  logout: 1643654261462
ipAddress: 127.0.0.1
lastlocation:
  world: world
  x: -215.5
  y: 66.0
  z: 268.5
  yaw: 0.0
  pitch: 0.0
logoutlocation:
  world: world
  x: -210.5
  y: 67.0
  z: 249.5
  yaw: -0.5899048
  pitch: 89.41758
