timestamps:
  login: 1645397664413
  logout: 1645398202803
  lastteleport: 1645398165844
ipAddress: 127.0.0.1
lastlocation:
  world: world
  x: -210.3046404383045
  y: 67.0
  z: 249.54926548148748
  yaw: -0.5899048
  pitch: 89.41758
logoutlocation:
  world: world
  x: -176.99521728626004
  y: 30.0
  z: 238.69999998807907
  yaw: -4.189911
  pitch: 22.05001
