timestamps:
  login: 1645677392364
  logout: 1645677424593
ipAddress: 127.0.0.1
lastlocation:
  world: world
  x: -229.5
  y: 74.0
  z: 253.5
  yaw: 0.0
  pitch: 0.0
logoutlocation:
  world: world
  x: -210.5
  y: 67.0
  z: 249.5
  yaw: -0.5899048
  pitch: 89.41758
