timestamps:
  login: 1643664099623
  logout: 1643664159524
ipAddress: 127.0.0.1
lastlocation:
  world: world
  x: -208.5
  y: 73.0
  z: 229.5
  yaw: 0.0
  pitch: 0.0
logoutlocation:
  world: world
  x: -210.5
  y: 67.0
  z: 249.5
  yaw: -0.28990474
  pitch: 86.56758
