timestamps:
  login: 1643630796330
  logout: 1643630854873
ipAddress: 127.0.0.1
lastlocation:
  world: world
  x: -233.5
  y: 71.0
  z: 258.5
  yaw: 0.0
  pitch: 0.0
logoutlocation:
  world: world
  x: -210.5
  y: 67.0
  z: 249.5
  yaw: -2.689905
  pitch: 88.66758
