timestamps:
  login: 1643640744513
  logout: 1643640940046
ipAddress: 127.0.0.1
lastlocation:
  world: world
  x: -201.5
  y: 69.0
  z: 243.5
  yaw: 0.0
  pitch: 0.0
logoutlocation:
  world: world
  x: -110.56033650150997
  y: 64.0
  z: 302.5458130867436
  yaw: -9.139984
  pitch: 15.00001
