timestamps:
  login: 1643750017672
  logout: 1643750058621
ipAddress: 127.0.0.1
lastlocation:
  world: world
  x: -206.5
  y: 67.0
  z: 273.5
  yaw: 0.0
  pitch: 0.0
logoutlocation:
  world: world
  x: -210.4933678541866
  y: 67.0
  z: 251.3978672666357
  yaw: 27.610098
  pitch: -19.93243
