timestamps:
  login: 1646317518337
  lastteleport: 1646318111353
  logout: 1646318253869
ipAddress: 127.0.0.1
lastlocation:
  world: world
  x: -209.8684418980016
  y: 69.0
  z: 249.9030232715401
  yaw: -2.2399013
  pitch: 0.91757107
logoutlocation:
  world: world
  x: -423.9227637562504
  y: 64.0
  z: 93.78197516306454
  yaw: 277.3603
  pitch: 14.399993
