timestamps:
  login: 1643754406471
  logout: 1643754433621
ipAddress: 127.0.0.1
lastlocation:
  world: world
  x: -282.30000001192093
  y: 70.0
  z: 251.30000001192087
  yaw: -193.64001
  pitch: -90.0
logoutlocation:
  world: world
  x: -210.3046404383045
  y: 67.0
  z: 249.54926548148748
  yaw: -0.5899048
  pitch: 89.41758
