timestamps:
  login: 1648063425931
  logout: 1648063567231
ipAddress: 127.0.0.1
lastlocation:
  world: world
  x: -323.5
  y: 47.0
  z: 199.5
  yaw: 0.0
  pitch: 0.0
logoutlocation:
  world: world
  x: -209.79817159099272
  y: 67.0
  z: 262.1078717538121
  yaw: -308.1186
  pitch: -89.55
