timestamps:
  login: 1646166568113
  logout: 1646166588859
ipAddress: 127.0.0.1
lastlocation:
  world: world
  x: -207.5
  y: 68.0
  z: 262.5
  yaw: 0.0
  pitch: 0.0
logoutlocation:
  world: world
  x: -210.5
  y: 67.0
  z: 248.5
  yaw: -2.2399013
  pitch: 0.91757107
