timestamps:
  login: 1643618731374
  logout: 1643618716924
ipAddress: 127.0.0.1
lastlocation:
  world: world
  x: -211.23340393716006
  y: 64.0
  z: 241.1755787762713
  yaw: -280.78992
  pitch: 19.367573
logoutlocation:
  world: world
  x: -210.5
  y: 67.0
  z: 249.5
  yaw: -0.5899048
  pitch: 89.41758
