timestamps:
  login: 1645915092939
  logout: 1645915270936
ipAddress: 127.0.0.1
lastlocation:
  world: world
  x: -228.5
  y: 70.0
  z: 246.5
  yaw: 0.0
  pitch: 0.0
logoutlocation:
  world: world
  x: -184.31732309711654
  y: 68.0
  z: 242.69999998807907
  yaw: -168.58995
  pitch: -41.982437
