timestamps:
  login: 1646065132676
  logout: 1646065141874
ipAddress: 127.0.0.1
lastlocation:
  world: world
  x: -229.5
  y: 70.0
  z: 245.5
  yaw: 0.0
  pitch: 0.0
logoutlocation:
  world: world
  x: -198.37853458997583
  y: 58.0
  z: 39.699999988079085
  yaw: 346.9602
  pitch: 17.849993
