timestamps:
  login: 1643621814988
  logout: 1643622393552
ipAddress: 127.0.0.1
lastlocation:
  world: world
  x: -214.5
  y: 68.0
  z: 255.5
  yaw: 0.0
  pitch: 0.0
logoutlocation:
  world: world
  x: 310.3906672272942
  y: 66.0
  z: -46.03917671605425
  yaw: -168.74019
  pitch: 10.650007
