timestamps:
  login: 1646405979308
ipAddress: 127.0.0.1
lastlocation:
  world: world
  x: -223.5
  y: 67.0
  z: 228.5
  yaw: 0.0
  pitch: 0.0
afk: false
logoutlocation:
  world: world
  x: -236.50025005731428
  y: 69.0
  z: 233.48238241388717
  yaw: 178.21011
  pitch: -7.800009
