timestamps:
  login: 1646068148812
  logout: 1646068186274
ipAddress: 127.0.0.1
lastlocation:
  world: world
  x: -207.5
  y: 73.0
  z: 224.5
  yaw: 0.0
  pitch: 0.0
logoutlocation:
  world: world
  x: -210.57068279857907
  y: 68.0
  z: 244.75874606540182
  yaw: 155.71011
  pitch: -90.0
