timestamps:
  login: 1647436910408
  logout: 1647436921158
ipAddress: 127.0.0.1
lastlocation:
  world: world
  x: -217.5
  y: 63.0
  z: 239.5
  yaw: 0.0
  pitch: 0.0
logoutlocation:
  world: world
  x: -210.5
  y: 65.0
  z: 249.5
  yaw: -6.1399016
  pitch: 7.9675717
