timestamps:
  login: 1646410923163
  logout: 1646410496546
ipAddress: 127.0.0.1
lastlocation:
  world: world
  x: -197.5
  y: 69.0
  z: 255.5
  yaw: 0.0
  pitch: 0.0
logoutlocation:
  world: world
  x: -208.5443941346066
  y: 52.99789179154454
  z: 262.50863861035447
  yaw: -16.639956
  pitch: 55.35
