timestamps:
  login: 1643665810723
  logout: 1643666427023
ipAddress: 127.0.0.1
lastlocation:
  world: world
  x: -209.3891470359914
  y: 71.0
  z: 596.018455484942
  yaw: 176.71011
  pitch: 48.899994
logoutlocation:
  world: world
  x: -225.27515111257742
  y: 18.0
  z: 263.6209206046102
  yaw: 260.7101
  pitch: 12.017572
