timestamps:
  login: 1645840846443
  logout: 1645841045230
ipAddress: 127.0.0.1
lastlocation:
  world: world
  x: -193.5
  y: 74.0
  z: 273.5
  yaw: 0.0
  pitch: 0.0
logoutlocation:
  world: world
  x: -116.69999998807907
  y: 65.0
  z: 206.71301180139304
  yaw: 154.06012
  pitch: 19.967573
