timestamps:
  login: 1643641181197
  logout: 1643641523743
ipAddress: 127.0.0.1
lastlocation:
  world: world
  x: -202.2297785630208
  y: 69.41999998688698
  z: 244.3615392977114
  yaw: -54.58991
  pitch: 25.967573
logoutlocation:
  world: world
  x: -174.44788481742413
  y: 41.0
  z: 349.4064008496291
  yaw: -180.13992
  pitch: 2.099992
