timestamps:
  login: 1643652325151
  logout: 1643652715274
  lastteleport: 1643652514070
ipAddress: 127.0.0.1
lastlocation:
  world: world
  x: -210.51249998807907
  y: 68.0
  z: 245.75237817519337
  yaw: 160.0601
  pitch: 6.5999928
logoutlocation:
  world: world
  x: -43.9169179776524
  y: 63.0
  z: 283.57654161418725
  yaw: 93.909996
  pitch: 81.6
afk: false
