timestamps:
  login: 1645888108260
  logout: 1645888119245
ipAddress: 127.0.0.1
lastlocation:
  world: world
  x: -212.5
  y: 76.0
  z: 232.5
  yaw: 0.0
  pitch: 0.0
logoutlocation:
  world: world
  x: -210.5
  y: 67.0
  z: 249.5
  yaw: -0.5899048
  pitch: 89.41758
