timestamps:
  login: 1646402003731
  logout: 1646402313727
ipAddress: 127.0.0.1
lastlocation:
  world: world
  x: -204.5
  y: 69.0
  z: 245.5
  yaw: 0.0
  pitch: 0.0
logoutlocation:
  world: world
  x: -76.42852164027634
  y: 71.0
  z: 257.9935274015067
  yaw: -218.98999
  pitch: 24.60001
