timestamps:
  login: 1643774243491
  logout: 1643774300953
ipAddress: 127.0.0.1
lastlocation:
  world: world
  x: -232.5
  y: 74.0
  z: 245.5
  yaw: 0.0
  pitch: 0.0
logoutlocation:
  world: world
  x: -210.5
  y: 67.0
  z: 249.5
  yaw: 0.16009529
  pitch: 89.26758
