timestamps:
  login: 1646231684672
  logout: 1646231742172
ipAddress: 127.0.0.1
lastlocation:
  world: world
  x: -235.5
  y: 68.0
  z: 224.5
  yaw: 0.0
  pitch: 0.0
logoutlocation:
  world: world
  x: -210.5
  y: 67.0
  z: 249.5
  yaw: -1.0399048
  pitch: 86.84999
