timestamps:
  login: 1644880610101
  logout: 1644880750197
ipAddress: 127.0.0.1
lastlocation:
  world: world
  x: -194.5
  y: 70.0
  z: 225.5
  yaw: 0.0
  pitch: 0.0
logoutlocation:
  world: world
  x: -217.12830707392962
  y: 63.0
  z: 253.69999998807907
  yaw: 18.460096
  pitch: -89.85
