timestamps:
  login: 1646100847826
  logout: 1646100851526
ipAddress: 127.0.0.1
lastlocation:
  world: world
  x: -191.5
  y: 70.0
  z: 238.5
  yaw: 0.0
  pitch: 0.0
logoutlocation:
  world: world
  x: -211.5
  y: 69.0
  z: 249.5
  yaw: -0.7399012
  pitch: 6.1675715
