timestamps:
  login: 1647460750177
  logout: 1647460795777
ipAddress: 127.0.0.1
lastlocation:
  world: world
  x: -216.5
  y: 64.0
  z: 276.5
  yaw: 0.0
  pitch: 0.0
logoutlocation:
  world: world
  x: -210.5
  y: 65.0
  z: 249.5
  yaw: -0.7399011
  pitch: 1.3675711
