timestamps:
  login: 1646321504027
  logout: 1646321507778
ipAddress: 127.0.0.1
lastlocation:
  world: world
  x: -223.5
  y: 68.0
  z: 233.5
  yaw: 0.0
  pitch: 0.0
logoutlocation:
  world: world
  x: -192.19527538955992
  y: 75.0
  z: 399.2837714645898
  yaw: -163.93994
  pitch: 44.999996
