timestamps:
  login: 1643746567322
  logout: 1643746946122
ipAddress: 127.0.0.1
lastlocation:
  world: world
  x: -206.5
  y: 68.0
  z: 266.5
  yaw: 0.0
  pitch: 0.0
logoutlocation:
  world: world
  x: -220.69999998807907
  y: 67.0
  z: 471.30000001192093
  yaw: -94.18991
  pitch: 38.267574
