timestamps:
  login: 1643813487418
  logout: 1643813522148
ipAddress: 127.0.0.1
lastlocation:
  world: world
  x: -218.5
  y: 66.0
  z: 259.5
  yaw: 0.0
  pitch: 0.0
logoutlocation:
  world: world
  x: -210.5
  y: 67.0
  z: 249.5
  yaw: 0.16009529
  pitch: 86.71758
