timestamps:
  login: 1646419581085
  logout: 1646336021433
ipAddress: 127.0.0.1
lastlocation:
  world: world
  x: 88.45359962112823
  y: 35.0
  z: -336.4883432092497
  yaw: 179.86034
  pitch: -90.0
logoutlocation:
  world: world
  x: -210.49250382019562
  y: 67.0
  z: 249.91426754124666
  yaw: -2.2399013
  pitch: 0.91757107
