timestamps:
  login: 1646336518370
  logout: 1646336694636
ipAddress: 127.0.0.1
lastlocation:
  world: world
  x: -218.5
  y: 65.0
  z: 262.5
  yaw: 0.0
  pitch: 0.0
logoutlocation:
  world: world
  x: -202.84717170339394
  y: 72.41999998688698
  z: 315.07115056998873
  yaw: 186.01013
  pitch: 18.467573
