timestamps:
  login: 1646158559417
  logout: 1646159747181
ipAddress: 127.0.0.1
lastlocation:
  world: world
  x: -51.542163310469256
  y: 92.23152379758702
  z: 268.4142718139657
  yaw: -88.79004
  pitch: 41.699997
logoutlocation:
  world: world
  x: -487.9611854171771
  y: 68.0
  z: 269.9208994373173
  yaw: -317.8401
  pitch: 14.567573
