timestamps:
  login: 1646146117217
  lastteleport: 1646147435702
  logout: 1646147863243
ipAddress: 127.0.0.1
lastlocation:
  world: world
  x: -209.27531382164906
  y: 66.0
  z: 249.89552709227092
  yaw: -2.2399013
  pitch: 0.91757107
logoutlocation:
  world: world
  x: 360.69999998807907
  y: 11.0
  z: 601.3000000119209
  yaw: -0.9076843
  pitch: 18.322565
