timestamps:
  login: 1645494394656
  logout: 1645494397949
ipAddress: 127.0.0.1
lastlocation:
  world: world
  x: -233.5
  y: 70.0
  z: 265.5
  yaw: 0.0
  pitch: 0.0
logoutlocation:
  world: world
  x: -210.5
  y: 67.0
  z: 249.5
  yaw: -0.7399048
  pitch: 89.11758
