lastlocation:
  world: world
  x: -210.5
  y: 67.0
  z: 249.5
  yaw: -0.5899048
  pitch: 89.41758
timestamps:
  login: 1645682738882
  lastteleport: 1645682443617
  logout: 1645682846537
ipAddress: 127.0.0.1
afk: false
logoutlocation:
  world: world
  x: -982.0972371524883
  y: 58.0
  z: 164.69999998807907
  yaw: 95.589836
  pitch: 21.299995
