timestamps:
  login: 1643818014574
  logout: 1643818054659
ipAddress: 127.0.0.1
lastlocation:
  world: world
  x: -207.5
  y: 69.0
  z: 239.5
  yaw: 0.0
  pitch: 0.0
logoutlocation:
  world: world
  x: -163.55182271012254
  y: 72.0
  z: 247.7321872446573
  yaw: -77.35358
  pitch: 11.695893
