timestamps:
  login: 1645810204521
  logout: 1645810823512
ipAddress: 127.0.0.1
lastlocation:
  world: world
  x: -140.49688618227307
  y: 26.0
  z: 113.30000001192093
  yaw: 328.60797
  pitch: 8.372734
logoutlocation:
  world: world
  x: -210.3046404383045
  y: 67.0
  z: 249.54926548148748
  yaw: -0.5899048
  pitch: 89.41758
afk: false
