timestamps:
  login: 1645983385900
  logout: 1645983389700
ipAddress: 127.0.0.1
lastlocation:
  world: world
  x: -212.5
  y: 51.0
  z: 264.5
  yaw: 0.0
  pitch: 0.0
logoutlocation:
  world: world
  x: -211.5
  y: 67.0
  z: 249.5
  yaw: -4.0399013
  pitch: 6.9175715
