timestamps:
  login: 1645983977157
  logout: 1645983997200
ipAddress: 127.0.0.1
lastlocation:
  world: world
  x: -208.5
  y: 70.0
  z: 230.5
  yaw: 0.0
  pitch: 0.0
logoutlocation:
  world: world
  x: 369.56254784383975
  y: 68.0
  z: 1553.5578614682947
  yaw: 188.51363
  pitch: 11.849993
