timestamps:
  login: 1646336443659
  lastteleport: 1646323302061
  logout: 1646336660652
ipAddress: 127.0.0.1
lastlocation:
  world: world
  x: -210.5
  y: 64.0
  z: 249.5
  yaw: -2.2399013
  pitch: 0.91757107
logoutlocation:
  world: world
  x: 858.2048802499402
  y: 54.0
  z: 2479.5463976422056
  yaw: 6.497924
  pitch: 3.8999941
homes:
  home:
    world: world
    x: 862.3076449975565
    y: 54.0
    z: 2475.381820491371
    yaw: 93.797935
    pitch: 10.199995
