timestamps:
  login: 1645822274480
  logout: 1645822676248
ipAddress: 127.0.0.1
lastlocation:
  world: world
  x: -221.5
  y: 74.0
  z: 231.5
  yaw: 0.0
  pitch: 0.0
logoutlocation:
  world: world
  x: -202.46536285944075
  y: 62.0
  z: 630.6295181188483
  yaw: -103.3212
  pitch: 31.667574
