timestamps:
  login: 1646427650914
  logout: 1646428202032
ipAddress: 127.0.0.1
lastlocation:
  world: world
  x: -217.50936612553357
  y: 9.248246308161631
  z: 286.30021047307486
  yaw: 281.11014
  pitch: 17.999994
logoutlocation:
  world: world
  x: -36.300000011920936
  y: 68.0
  z: -53.300000011920936
  yaw: 319.51013
  pitch: 22.367573
