timestamps:
  login: 1643648866253
  logout: 1643648962650
ipAddress: 127.0.0.1
lastlocation:
  world: world
  x: -205.5
  y: 69.0
  z: 238.5
  yaw: 0.0
  pitch: 0.0
logoutlocation:
  world: world
  x: -143.67904459204053
  y: 71.0
  z: 230.7930215254178
  yaw: 330.61014
  pitch: 50.699997
