timestamps:
  login: 1643834658831
  logout: 1643835373162
ipAddress: 127.0.0.1
lastlocation:
  world: world
  x: -198.5
  y: 73.0
  z: 256.5
  yaw: 0.0
  pitch: 0.0
logoutlocation:
  world: world
  x: 46.926660768932805
  y: 70.0
  z: 148.16891164936592
  yaw: 129.16125
  pitch: 80.1
