timestamps:
  login: 1647014543413
  lastteleport: 1646335048281
  logout: 1647014672013
ipAddress: 127.0.0.1
lastlocation:
  world: world
  x: -210.49250382019562
  y: 65.0
  z: 249.91426754124666
  yaw: 66.61011
  pitch: 26.867573
logoutlocation:
  world: world
  x: -3210.8876101426517
  y: 64.0
  z: 879.7846871380611
  yaw: -98.38809
  pitch: 7.6499925
