timestamps:
  login: 1646249988795
  logout: 1646250027645
  lastteleport: 1646249350712
ipAddress: 127.0.0.1
lastlocation:
  world: world
  x: -198.90415386238323
  y: 63.0
  z: 65.60209012629772
  yaw: -226.5462
  pitch: 13.199994
logoutlocation:
  world: world
  x: 168.69999998807907
  y: 64.0
  z: 20.30000001192093
  yaw: 61.7537
  pitch: 13.650006
afk: false
