timestamps:
  login: 1646399489646
  logout: 1646400284173
ipAddress: 127.0.0.1
lastlocation:
  world: world
  x: -230.5
  y: 67.0
  z: 226.5
  yaw: 0.0
  pitch: 0.0
logoutlocation:
  world: world
  x: -148.11223886579708
  y: 3.0
  z: -147.6999999880791
  yaw: 280.81015
  pitch: 57.600014
