timestamps:
  login: 1646065928520
  logout: 1646066501509
ipAddress: 127.0.0.1
lastlocation:
  world: world
  x: -264.1740506253815
  y: 63.0
  z: 101.6999999880791
  yaw: 150.3103
  pitch: 7.0499926
logoutlocation:
  world: world
  x: -210.4024149356363
  y: 68.0
  z: 253.7831225309358
  yaw: -4.1899014
  pitch: 16.217573
