timestamps:
  login: 1646336426611
  logout: 1646336432456
ipAddress: 127.0.0.1
lastlocation:
  world: world
  x: -205.5
  y: 68.0
  z: 268.5
  yaw: 0.0
  pitch: 0.0
logoutlocation:
  world: world
  x: -210.5
  y: 68.0
  z: 249.5
  yaw: -1.6399013
  pitch: 0.91757107
