timestamps:
  login: 1646417697473
  logout: 1646418008454
  lastteleport: 1646417635600
ipAddress: 127.0.0.1
lastlocation:
  world: world
  x: -210.49250382019562
  y: 64.0
  z: 249.91426754124666
  yaw: -2.2399013
  pitch: 0.91757107
logoutlocation:
  world: world
  x: -642.5736032226798
  y: 68.0
  z: 194.31843330955937
  yaw: -299.55005
  pitch: 26.10001
afk: false
