timestamps:
  login: 1645935574147
  logout: 1645935632644
ipAddress: 127.0.0.1
lastlocation:
  world: world
  x: -222.5
  y: 69.0
  z: 272.5
  yaw: 0.0
  pitch: 0.0
logoutlocation:
  world: world
  x: -210.5
  y: 67.0
  z: 249.5
  yaw: -0.43990478
  pitch: 89.26758
