timestamps:
  login: 1646168564298
  lastteleport: 1646168755284
  logout: 1646168881271
ipAddress: 127.0.0.1
lastlocation:
  world: world
  x: -210.49250382019562
  y: 69.0
  z: 249.91426754124666
  yaw: -2.2399013
  pitch: 0.91757107
logoutlocation:
  world: world
  x: -35.77828174486191
  y: 68.0
  z: -49.81205858310674
  yaw: 292.6414
  pitch: 13.030073
