timestamps:
  login: 1643839709012
  logout: 1643840378610
  lastteleport: 1643742274824
ipAddress: 127.0.0.1
lastlocation:
  world: world
  x: -210.3046404383045
  y: 67.0
  z: 249.54926548148748
  yaw: -0.5899048
  pitch: 89.41758
logoutlocation:
  world: world
  x: 6.789093765451685
  y: 71.16610926093821
  z: 46.607247237162625
  yaw: 170.1305
  pitch: 85.65
afk: false
