timestamps:
  login: 1646426159120
  logout: 1646427706826
  lastteleport: 1646427377831
ipAddress: 127.0.0.1
lastlocation:
  world: world
  x: -210.49250382019562
  y: 65.0
  z: 249.91426754124666
  yaw: -2.2399013
  pitch: 0.91757107
logoutlocation:
  world: world
  x: -216.37038487258877
  y: 67.0
  z: 90.65174273116443
  yaw: 232.51031
  pitch: 57.149998
