timestamps:
  login: 1646335733851
  logout: 1646335763237
ipAddress: 127.0.0.1
lastlocation:
  world: world
  x: -195.5
  y: 70.0
  z: 239.5
  yaw: 0.0
  pitch: 0.0
logoutlocation:
  world: world
  x: -209.30000001192093
  y: 64.0
  z: 249.69999998807907
  yaw: 12.6101
  pitch: 15.617573
