timestamps:
  login: 1643645423264
  logout: 1643645575411
ipAddress: 127.0.0.1
lastlocation:
  world: world
  x: -216.5
  y: 69.0
  z: 237.5
  yaw: 0.0
  pitch: 0.0
logoutlocation:
  world: world
  x: -197.6764091035407
  y: 68.0
  z: 162.69999998807907
  yaw: 270.16013
  pitch: 20.717573
