timestamps:
  login: 1645380585904
  logout: 1645380572803
ipAddress: 127.0.0.1
lastlocation:
  world: world
  x: -221.5
  y: 67.0
  z: 248.5
  yaw: 0.0
  pitch: 0.0
logoutlocation:
  world: world
  x: -174.02733600574953
  y: 68.0
  z: 206.1758563678909
  yaw: 287.28067
  pitch: 3.6732666
