timestamps:
  login: 1646367072418
  logout: 1646367083087
ipAddress: 127.0.0.1
lastlocation:
  world: world
  x: -250.55163926632267
  y: 72.0
  z: 264.69540774912844
  yaw: -88.78991
  pitch: 8.849993
logoutlocation:
  world: world
  x: -210.49173920982386
  y: 67.0
  z: 249.93385254785625
  yaw: -2.2399013
  pitch: 3.3175714
afk: true
