timestamps:
  login: 1643666473823
ipAddress: 127.0.0.1
lastlocation:
  world: world
  x: -204.1036028586707
  y: 68.0
  z: 245.39022067396596
  yaw: -339.88992
  pitch: 11.099993
