timestamps:
  login: 1646042724660
  logout: 1646042728666
ipAddress: 127.0.0.1
lastlocation:
  world: world
  x: -235.5
  y: 76.0
  z: 243.5
  yaw: 0.0
  pitch: 0.0
logoutlocation:
  world: world
  x: -211.5
  y: 69.0
  z: 249.5
  yaw: -2.2399013
  pitch: 0.91757107
