timestamps:
  login: 1646332363017
  lastteleport: 1646247929950
  logout: 1646332439086
ipAddress: 127.0.0.1
lastlocation:
  world: world
  x: -210.49250382019562
  y: 67.0
  z: 249.91426754124666
  yaw: -2.2399013
  pitch: 0.91757107
afk: false
logoutlocation:
  world: world
  x: -647.4594883813512
  y: 65.0
  z: 510.82235860136535
  yaw: 53.823605
  pitch: 9.787495
