timestamps:
  login: 1646923484708
  lastteleport: 1646917678842
  logout: 1646923497303
ipAddress: 127.0.0.1
lastlocation:
  world: world
  x: -210.49250382019562
  y: 64.0
  z: 249.91426754124666
  yaw: -2.2399013
  pitch: 0.91757107
afk: false
logoutlocation:
  world: world
  x: 4164.252331820952
  y: 63.0
  z: 4032.699383173467
  yaw: -148.59067
  pitch: 8.249992
homes:
  home:
    world: world
    x: 45.40672430748352
    y: 52.0
    z: 406.30000001192093
    yaw: 303.6106
    pitch: 34.049995
