timestamps:
  login: 1646159205878
  lastteleport: 1646158923110
  logout: 1646159101879
ipAddress: 127.0.0.1
lastlocation:
  world: world
  x: -210.49250382019562
  y: 56.0
  z: 250.2390624880376
  yaw: -2.2399013
  pitch: 0.91757107
afk: false
logoutlocation:
  world: world
  x: 71.69999998807907
  y: 18.76892799649811
  z: 299.6656921321074
  yaw: 220.96155
  pitch: 54.749996
