timestamps:
  login: 1643655364638
  logout: 1643657188138
ipAddress: 127.0.0.1
lastlocation:
  world: world
  x: -60.10055505755588
  y: 69.0
  z: -561.6999999880791
  yaw: -180.89001
  pitch: 13.649993
logoutlocation:
  world: world
  x: -134.99096440465394
  y: 66.0
  z: -186.69999998807907
  yaw: -213.73999
  pitch: 26.099995
