timestamps:
  login: 1646405596497
ipAddress: 127.0.0.1
lastlocation:
  world: world
  x: -204.5
  y: 68.0
  z: 262.5
  yaw: 0.0
  pitch: 0.0
logoutlocation:
  world: world
  x: -266.25193671155023
  y: 77.0
  z: 200.1346536739457
  yaw: -219.28983
  pitch: 7.6675754
