timestamps:
  login: 1646913822238
  logout: 1646913851441
ipAddress: 127.0.0.1
lastlocation:
  world: world
  x: -208.5
  y: 67.0
  z: 270.5
  yaw: 0.0
  pitch: 0.0
logoutlocation:
  world: world
  x: -133.5129439358595
  y: 68.0
  z: 193.04790765392187
  yaw: -104.839935
  pitch: 28.799995
