timestamps:
  login: 1646245679187
ipAddress: 127.0.0.1
lastlocation:
  world: world
  x: -233.5
  y: 71.0
  z: 250.5
  yaw: 0.0
  pitch: 0.0
logoutlocation:
  world: world
  x: -210.5
  y: 67.0
  z: 249.5
  yaw: -5.8399014
  pitch: 2.4175713
