timestamps:
  login: 1646256658622
  logout: 1646256741086
ipAddress: 127.0.0.1
lastlocation:
  world: world
  x: -221.5
  y: 66.0
  z: 261.5
  yaw: 0.0
  pitch: 0.0
logoutlocation:
  world: world
  x: -211.5
  y: 67.0
  z: 249.5
  yaw: 245.71011
  pitch: 3.9175713
