timestamps:
  login: 1645891613786
  logout: 1645891618661
ipAddress: 127.0.0.1
lastlocation:
  world: world
  x: -193.5
  y: 72.0
  z: 258.5
  yaw: 0.0
  pitch: 0.0
logoutlocation:
  world: world
  x: -210.5
  y: 67.0
  z: 249.5
  yaw: -0.3397248
  pitch: 81.661995
