timestamps:
  login: 1645818286653
  logout: 1645818515651
ipAddress: 127.0.0.1
lastlocation:
  world: world
  x: -232.5
  y: 69.0
  z: 240.5
  yaw: 0.0
  pitch: 0.0
logoutlocation:
  world: world
  x: -210.30000001192093
  y: 68.0
  z: 246.27611727644097
  yaw: -166.78998
  pitch: 18.917574
