timestamps:
  login: 1646226528411
  logout: 1646227166111
ipAddress: 127.0.0.1
lastlocation:
  world: world
  x: -198.5
  y: 68.0
  z: 270.5
  yaw: 0.0
  pitch: 0.0
logoutlocation:
  world: world
  x: -187.7425518699144
  y: 75.0
  z: 321.7081882158136
  yaw: 271.81012
  pitch: 16.349993
