timestamps:
  login: 1646069892804
  logout: 1646070620149
  lastteleport: 1646070271123
ipAddress: 127.0.0.1
lastlocation:
  world: world
  x: -148.85157326421142
  y: 60.5829244016832
  z: 504.3704485264155
  yaw: 130.81018
  pitch: -0.90000814
logoutlocation:
  world: world
  x: -210.49250382019562
  y: 68.0
  z: 249.91426754124666
  yaw: 15.1601
  pitch: -90.0
