timestamps:
  login: 1645543211334
  logout: 1645543242857
ipAddress: 127.0.0.1
lastlocation:
  world: world
  x: -209.5
  y: 67.0
  z: 274.5
  yaw: 0.0
  pitch: 0.0
logoutlocation:
  world: world
  x: -210.5
  y: 67.0
  z: 249.5
  yaw: -0.8899048
  pitch: 83.71758
