timestamps:
  login: 1646913836220
  logout: 1646914006089
ipAddress: 127.0.0.1
lastlocation:
  world: world
  x: -190.5
  y: 69.0
  z: 229.5
  yaw: 0.0
  pitch: 0.0
logoutlocation:
  world: world
  x: -237.16079210913978
  y: 71.0
  z: 257.40532176116244
  yaw: 271.5102
  pitch: 17.999994
