timestamps:
  login: 1646284806118
  logout: 1646284825960
ipAddress: 127.0.0.1
lastlocation:
  world: world
  x: -186.5
  y: 69.0
  z: 261.5
  yaw: 0.0
  pitch: 0.0
logoutlocation:
  world: world
  x: -210.5
  y: 67.0
  z: 249.5
  yaw: -2.0899012
  pitch: 4.6675715
