timestamps:
  login: 1646153036298
  logout: 1646154478904
  lastteleport: 1646154321268
ipAddress: 127.0.0.1
lastlocation:
  world: world
  x: -210.49250382019562
  y: 67.0
  z: 249.91426754124666
  yaw: -16.039902
  pitch: -4.4824295
logoutlocation:
  world: world
  x: -432.6817999548666
  y: 73.0
  z: 219.72902561989852
  yaw: 216.61029
  pitch: 14.399992
