timestamps:
  login: 1646274662461
  logout: 1646274664721
ipAddress: 127.0.0.1
lastlocation:
  world: world
  x: -208.5
  y: 67.0
  z: 273.5
  yaw: 0.0
  pitch: 0.0
logoutlocation:
  world: world
  x: -210.5
  y: 67.0
  z: 249.5
  yaw: -2.2399013
  pitch: 0.91757107
