timestamps:
  login: 1644897061554
  logout: 1644897122697
ipAddress: 127.0.0.1
lastlocation:
  world: world
  x: -234.5
  y: 69.0
  z: 231.5
  yaw: 0.0
  pitch: 0.0
logoutlocation:
  world: world
  x: -172.366671619809
  y: 62.0
  z: 199.30000001192093
  yaw: -1.9399059
  pitch: 46.367577
