timestamps:
  login: 1646407064830
  lastteleport: 1646407645398
  logout: 1646407727582
ipAddress: 127.0.0.1
lastlocation:
  world: world
  x: -210.49250382019562
  y: 63.961999940872104
  z: 249.91426754124666
  yaw: -2.2399013
  pitch: 0.91757107
logoutlocation:
  world: world
  x: -193.30000001192093
  y: 30.0
  z: 288.0731465325858
  yaw: 331.66013
  pitch: 41.999996
