timestamps:
  login: 1646421270268
  lastteleport: 1646422897300
  logout: 1646423665227
ipAddress: 127.0.0.1
lastlocation:
  world: world
  x: -210.49250382019562
  y: 65.0
  z: 249.91426754124666
  yaw: 1.9600991
  pitch: 33.467575
homes:
  home:
    world: world
    x: -211.42178147668315
    y: 64.0
    z: 89.85694455596172
    yaw: 96.15015
    pitch: 34.650013
afk: false
logoutlocation:
  world: world
  x: -209.90196685415847
  y: 67.0
  z: 86.61098652221568
  yaw: 85.275635
  pitch: 51.018745
