timestamps:
  login: 1647122433774
  logout: 1647122438033
ipAddress: 127.0.0.1
lastlocation:
  world: world
  x: -195.5
  y: 70.0
  z: 250.5
  yaw: 0.0
  pitch: 0.0
logoutlocation:
  world: world
  x: -210.69999998807907
  y: 67.0
  z: 249.30000001192093
  yaw: 123.61011
  pitch: -27.732433
