timestamps:
  login: 1646321938872
  lastteleport: 1646323512604
  logout: 1646323595071
ipAddress: 127.0.0.1
lastlocation:
  world: world
  x: -210.49250382019562
  y: 64.0
  z: 249.91426754124666
  yaw: -4.6399016
  pitch: 3.6175714
logoutlocation:
  world: world
  x: 410.05939770681914
  y: 11.0
  z: 36.140202549320826
  yaw: -228.02774
  pitch: 53.1
