timestamps:
  login: 1646150122470
  logout: 1646150546213
ipAddress: 127.0.0.1
lastlocation:
  world: world
  x: -187.5
  y: 70.0
  z: 253.5
  yaw: 0.0
  pitch: 0.0
logoutlocation:
  world: world
  x: -231.69999998807913
  y: 68.0
  z: -93.49655398840846
  yaw: -10.790039
  pitch: 26.099995
