timestamps:
  login: 1646251564694
  lastteleport: 1646253802118
  logout: 1646254238621
ipAddress: 127.0.0.1
lastlocation:
  world: world
  x: -210.49250382019562
  y: 75.0
  z: 249.91426754124666
  yaw: -2.2399013
  pitch: 1.067571
logoutlocation:
  world: world
  x: 946.2196548892072
  y: 62.015078192697196
  z: 149.30000001192093
  yaw: -188.73712
  pitch: 22.199993
