timestamps:
  login: 1643590506553
  logout: 1643590674553
ipAddress: 127.0.0.1
lastlocation:
  world: world
  x: -212.69999998807907
  y: 67.0
  z: 247.30000001192093
  yaw: -79.78991
  pitch: 24.749994
logoutlocation:
  world: world
  x: -225.2123683034243
  y: 68.0
  z: 234.74478114747583
  yaw: -259.33994
  pitch: 12.467573
