timestamps:
  login: 1646317858786
  logout: 1646317886686
ipAddress: 127.0.0.1
lastlocation:
  world: world
  x: -190.5
  y: 71.0
  z: 274.5
  yaw: 0.0
  pitch: 0.0
logoutlocation:
  world: world
  x: -210.5
  y: 64.0
  z: 249.5
  yaw: -2.2399013
  pitch: 0.91757107
