lastlocation:
  world: world
  x: -200.3977407022386
  y: 68.0
  z: 267.272974464297
  yaw: 206.86023
  pitch: 4.9675717
timestamps:
  logout: 1646246312925
  lastteleport: 1646246212230
afk: false
logoutlocation:
  world: world
  x: -148.87536295178177
  y: 71.0
  z: 288.72659251116835
  yaw: 176.7102
  pitch: -48.432434
