timestamps:
  login: 1643815326317
  logout: 1643815440736
ipAddress: 127.0.0.1
lastlocation:
  world: world
  x: -185.5
  y: 71.0
  z: 261.5
  yaw: 0.0
  pitch: 0.0
logoutlocation:
  world: world
  x: 213.04767557235178
  y: 66.0
  z: 402.1352229004804
  yaw: 325.2102
  pitch: 3.7499924
