timestamps:
  login: 1643815551170
  logout: 1643815564242
ipAddress: 127.0.0.1
lastlocation:
  world: world
  x: -201.5
  y: 71.0
  z: 229.5
  yaw: 0.0
  pitch: 0.0
logoutlocation:
  world: world
  x: -210.5
  y: 67.0
  z: 249.5
  yaw: -1.4899049
  pitch: 88.51758
