timestamps:
  login: 1646141226088
  logout: 1646141855688
ipAddress: 127.0.0.1
lastlocation:
  world: world
  x: -198.5
  y: 69.0
  z: 263.5
  yaw: 0.0
  pitch: 0.0
logoutlocation:
  world: world
  x: -262.8677066837443
  y: 10.0
  z: 340.69999998807907
  yaw: 14.260094
  pitch: 49.95001
