timestamps:
  login: 1645830284042
  logout: 1645823908985
ipAddress: 127.0.0.1
lastlocation:
  world: world
  x: -222.5
  y: 67.0
  z: 254.5
  yaw: 0.0
  pitch: 0.0
logoutlocation:
  world: world
  x: -165.63037305302788
  y: 46.96636804164124
  z: 241.30000001192093
  yaw: -200.84021
  pitch: -73.049995
