timestamps:
  login: 1644877310748
  logout: 1644877422698
ipAddress: 127.0.0.1
lastlocation:
  world: world
  x: -209.33282588617132
  y: 67.0
  z: 247.4201818249188
  yaw: 78.9101
  pitch: 25.499994
logoutlocation:
  world: world
  x: -164.55385682054293
  y: 60.76636799395752
  z: 204.69999998807907
  yaw: 350.11014
  pitch: 26.717573
