timestamps:
  login: 1645543255400
  logout: 1645543297939
ipAddress: 127.0.0.1
lastlocation:
  world: world
  x: -185.5
  y: 71.0
  z: 263.5
  yaw: 0.0
  pitch: 0.0
logoutlocation:
  world: world
  x: -211.70405461574865
  y: 67.0
  z: 247.30000001192093
  yaw: -178.03992
  pitch: 11.400009
