timestamps:
  login: 1646247580077
  logout: 1646247594629
  lastteleport: 1646246234590
ipAddress: 127.0.0.1
lastlocation:
  world: world
  x: -210.49250382019562
  y: 67.0
  z: 249.91426754124666
  yaw: -2.2399013
  pitch: 0.91757107
logoutlocation:
  world: world
  x: -480.48325366386916
  y: 69.0
  z: 398.1206783346801
  yaw: 51.591766
  pitch: -10.950007
