timestamps:
  login: 1646415073467
  logout: 1646333678206
  lastteleport: 1646333115718
ipAddress: 127.0.0.1
lastlocation:
  world: world
  x: -375.69999998807907
  y: 64.0
  z: 167.92331420728982
  yaw: -236.99005
  pitch: 32.13749
logoutlocation:
  world: world
  x: -375.69999998807907
  y: 64.0
  z: 167.92331420728982
  yaw: -236.99005
  pitch: 32.13749
