timestamps:
  login: 1646069467772
  logout: 1646069821227
  lastteleport: 1646068385741
ipAddress: 127.0.0.1
lastlocation:
  world: world
  x: -210.49250382019562
  y: 68.0
  z: 249.91426754124666
  yaw: -2.2399013
  pitch: 0.91757107
afk: false
logoutlocation:
  world: world
  x: -432.9222688306738
  y: 64.0
  z: 216.30000001192093
  yaw: 136.36023
  pitch: 5.8499923
