timestamps:
  login: 1643829085472
  logout: 1643829223872
  lastteleport: 1643827393049
ipAddress: 127.0.0.1
lastlocation:
  world: world
  x: -210.3046404383045
  y: 67.0
  z: 249.54926548148748
  yaw: -0.5899048
  pitch: 89.41758
logoutlocation:
  world: world_nether
  x: 122.47406128075943
  y: 82.0
  z: 69.58058301465307
  yaw: 1.3303833
  pitch: 49.15085
