timestamps:
  login: 1646317559436
  lastteleport: 1646318378265
  logout: 1646318780770
ipAddress: 127.0.0.1
lastlocation:
  world: world
  x: -210.49250382019562
  y: 64.0
  z: 249.91426754124666
  yaw: -2.2399013
  pitch: 0.91757107
logoutlocation:
  world: world
  x: 14.33642995619006
  y: 60.0
  z: 244.92294969114508
  yaw: -224.99997
  pitch: 37.049995
