timestamps:
  login: 1646073906804
  logout: 1646073922574
ipAddress: 127.0.0.1
lastlocation:
  world: world
  x: -186.13828681936215
  y: 71.0
  z: 264.8442935764141
  yaw: 244.51012
  pitch: 22.967573
logoutlocation:
  world: world
  x: -187.25874203825617
  y: 70.0
  z: 307.83885473051777
  yaw: 25.360138
  pitch: 38.117577
