timestamps:
  login: 1643650991736
  logout: 1643651039976
ipAddress: 127.0.0.1
lastlocation:
  world: world
  x: -209.5
  y: 75.0
  z: 250.5
  yaw: 0.0
  pitch: 0.0
logoutlocation:
  world: world
  x: -210.5
  y: 67.0
  z: 249.5
  yaw: -0.5899048
  pitch: 89.41758
