timestamps:
  login: 1647033164081
  logout: 1647033170161
ipAddress: 127.0.0.1
lastlocation:
  world: world
  x: -221.5
  y: 67.0
  z: 223.5
  yaw: 0.0
  pitch: 0.0
logoutlocation:
  world: world
  x: -100.13691821380311
  y: 66.12160004615784
  z: 366.30000001192093
  yaw: 245.56056
  pitch: 7.950009
