timestamps:
  login: 1646000930034
  logout: 1646000989583
ipAddress: 127.0.0.1
lastlocation:
  world: world
  x: -200.5
  y: 71.0
  z: 226.5
  yaw: 0.0
  pitch: 0.0
logoutlocation:
  world: world
  x: -211.5
  y: 67.0
  z: 249.5
  yaw: -2.2399013
  pitch: 0.91757107
