timestamps:
  login: 1646182676702
  logout: 1646183389281
ipAddress: 127.0.0.1
lastlocation:
  world: world
  x: -236.5
  y: 74.0
  z: 256.5
  yaw: 0.0
  pitch: 0.0
logoutlocation:
  world: world
  x: -60.69999998807904
  y: 36.0
  z: 224.33591451614484
  yaw: 258.49707
  pitch: 19.589693
