timestamps:
  login: 1643655216309
  logout: 1643656397230
  lastteleport: 1643655885294
ipAddress: 127.0.0.1
lastlocation:
  world: world
  x: -210.3046404383045
  y: 67.0
  z: 249.54926548148748
  yaw: -0.5899048
  pitch: 89.41758
logoutlocation:
  world: world
  x: -263.69783050135936
  y: 68.0
  z: 166.9016389323551
  yaw: 33.87346
  pitch: 37.049995
