timestamps:
  login: 1643825831328
  logout: 1643825952981
ipAddress: 127.0.0.1
lastlocation:
  world: world
  x: -88.30028957271739
  y: 64.0
  z: 117.96124567143814
  yaw: -291.73993
  pitch: 13.7999935
logoutlocation:
  world: world
  x: -212.69999998807907
  y: 68.0
  z: 255.30000001192093
  yaw: 102.0101
  pitch: 25.217573
afk: false
