timestamps:
  login: 1646245705253
  lastteleport: 1646245749661
  logout: 1646245760024
ipAddress: 127.0.0.1
lastlocation:
  world: world
  x: -210.49250382019562
  y: 67.0
  z: 249.91426754124666
  yaw: -2.2399013
  pitch: 0.91757107
logoutlocation:
  world: world
  x: -193.06012654124126
  y: 70.0
  z: 252.32432027393375
  yaw: -50.689907
  pitch: 25.667574
