timestamps:
  login: 1646226704862
  logout: 1646226723611
ipAddress: 127.0.0.1
lastlocation:
  world: world
  x: -230.5
  y: 68.0
  z: 232.5
  yaw: 0.0
  pitch: 0.0
logoutlocation:
  world: world
  x: -222.78376247195428
  y: 67.0
  z: 249.6949800825895
  yaw: -290.83994
  pitch: -0.7324291
