timestamps:
  login: 1646063061538
  logout: 1646063565551
  lastteleport: 1646063542814
ipAddress: 127.0.0.1
lastlocation:
  world: world
  x: -210.49250382019562
  y: 69.0
  z: 249.91426754124666
  yaw: -2.2399013
  pitch: 0.91757107
logoutlocation:
  world: world
  x: -75.89277684516507
  y: 61.08716274148364
  z: 196.61999520630417
  yaw: -240.43999
  pitch: 29.249994
