timestamps:
  login: 1648147958318
  lastteleport: 1648126769072
  logout: 1648147972374
ipAddress: 127.0.0.1
lastlocation:
  world: world
  x: -210.53048390100417
  y: 67.0
  z: 252.44713075646982
  yaw: -357.7686
  pitch: 17.299055
logoutlocation:
  world: world
  x: 24.69999998807907
  y: 19.0
  z: 353.3378542765996
  yaw: -176.95364
  pitch: 42.730015
