timestamps:
  login: 1646155721037
  logout: 1646155780587
ipAddress: 127.0.0.1
lastlocation:
  world: world
  x: -263.30000001192093
  y: 32.0
  z: 264.69999998807907
  yaw: 110.86017
  pitch: 59.399998
logoutlocation:
  world: world
  x: -210.49250382019562
  y: 67.0
  z: 249.91426754124666
  yaw: -2.2399013
  pitch: 0.91757107
