timestamps:
  login: 1646144981738
  logout: 1646145175707
ipAddress: 127.0.0.1
lastlocation:
  world: world
  x: -216.01571644628496
  y: 67.35656207874469
  z: 269.18169608601266
  yaw: 66.26864
  pitch: 18.244635
logoutlocation:
  world: world
  x: -210.49250382019562
  y: 67.0
  z: 249.91426754124666
  yaw: -2.2399013
  pitch: 0.91757107
