timestamps:
  login: 1643661997119
  logout: 1643662669419
  lastteleport: 1643656514639
ipAddress: 127.0.0.1
lastlocation:
  world: world
  x: -210.3046404383045
  y: 67.0
  z: 249.54926548148748
  yaw: -0.5899048
  pitch: 89.41758
logoutlocation:
  world: world
  x: -289.30000001192093
  y: 20.0
  z: 619.6999999880791
  yaw: -187.46088
  pitch: 65.32931
