timestamps:
  login: 1643660766538
  logout: 1643660824521
ipAddress: 127.0.0.1
lastlocation:
  world: world
  x: -190.5
  y: 70.0
  z: 244.5
  yaw: 0.0
  pitch: 0.0
logoutlocation:
  world: world
  x: -210.5
  y: 67.0
  z: 249.5
  yaw: 0.46009532
  pitch: 88.36758
