timestamps:
  login: 1646335603462
  logout: 1646336267497
  lastteleport: 1646336001753
ipAddress: 127.0.0.1
lastlocation:
  world: world
  x: -210.49250382019562
  y: 64.94199995994562
  z: 249.91426754124666
  yaw: -2.3899014
  pitch: 0.91757107
logoutlocation:
  world: world
  x: -287.8930394180891
  y: 74.0
  z: 14.907594064568563
  yaw: -205.78992
  pitch: -90.0
