timestamps:
  login: 1643739947414
  lastteleport: 1643742064646
  logout: 1643742327114
ipAddress: 127.0.0.1
lastlocation:
  world: world
  x: -210.3046404383045
  y: 67.0
  z: 249.54926548148748
  yaw: -24.565613
  pitch: 80.37817
logoutlocation:
  world: world
  x: -98.30000001192093
  y: 65.0
  z: 325.88294395974015
  yaw: -58.84303
  pitch: 18.072878
