timestamps:
  login: 1646051242803
  logout: 1646051243595
ipAddress: 127.0.0.1
lastlocation:
  world: world
  x: -226.5
  y: 71.0
  z: 237.5
  yaw: 0.0
  pitch: 0.0
logoutlocation:
  world: world
  x: -211.5
  y: 69.0
  z: 249.5
  yaw: -2.2399013
  pitch: 0.91757107
