timestamps:
  login: 1646067177129
  logout: 1646067180229
ipAddress: 127.0.0.1
logoutlocation:
  world: world
  x: -207.92317041842435
  y: 67.0
  z: 261.69999998807907
  yaw: 3.0100992
  pitch: 41.267574
