timestamps:
  login: 1646062583525
  logout: 1646062590171
ipAddress: 127.0.0.1
logoutlocation:
  world: world
  x: -210.4940863822307
  y: 67.0
  z: 249.69999998807907
  yaw: -0.5899048
  pitch: 89.41758
