timestamps:
  login: 1643602515435
  logout: 1643603061925
ipAddress: 127.0.0.1
lastlocation:
  world: world
  x: -95.33573845260261
  y: 64.10408037809304
  z: 137.00890305949096
  yaw: 288.4604
  pitch: 32.25001
logoutlocation:
  world: world
  x: -81.28219508530216
  y: 64.0
  z: 126.47760855084478
  yaw: -154.18991
  pitch: -90.0
afk: false
