timestamps:
  login: 1643644884480
  logout: 1643644915179
ipAddress: 127.0.0.1
lastlocation:
  world: world
  x: -226.5
  y: 69.0
  z: 256.5
  yaw: 0.0
  pitch: 0.0
logoutlocation:
  world: world
  x: -210.5
  y: 67.0
  z: 249.5
  yaw: -1.0399048
  pitch: 89.41758
