timestamps:
  login: 1643735428481
  logout: 1643735705676
ipAddress: 127.0.0.1
lastlocation:
  world: world
  x: -209.30000001192093
  y: 33.0
  z: 264.4177687742091
  yaw: 195.31017
  pitch: 83.7
logoutlocation:
  world: world
  x: -197.30000001192093
  y: 33.0
  z: 265.93380580585136
  yaw: -88.39618
  pitch: 29.943745
