timestamps:
  login: 1647979162677
  logout: 1647979211467
  lastteleport: 1645660559800
ipAddress: 127.0.0.1
lastlocation:
  world: world
  x: -218.5
  y: 62.0
  z: 215.5
  yaw: 0.0
  pitch: 0.0
logoutlocation:
  world: world
  x: -210.5
  y: 67.0
  z: 252.5
  yaw: -349.81857
  pitch: 15.949055
