timestamps:
  login: 1643838910759
  logout: 1643838926109
  lastteleport: 1643838806021
ipAddress: 127.0.0.1
lastlocation:
  world: world
  x: -212.19127814549148
  y: 67.0
  z: 247.30000001192093
  yaw: 11.16615
  pitch: 60.79414
logoutlocation:
  world: world
  x: -212.63110343070335
  y: 70.0
  z: 221.71012232556117
  yaw: -7.815178
  pitch: -3.5373075
afk: false
