timestamps:
  login: 1645795346367
  logout: 1645795399566
ipAddress: 127.0.0.1
lastlocation:
  world: world
  x: -197.5
  y: 71.0
  z: 226.5
  yaw: 0.0
  pitch: 0.0
logoutlocation:
  world: world
  x: -211.31906894492613
  y: 68.0
  z: 244.47106261940547
  yaw: 212.71011
  pitch: -55.499996
