timestamps:
  login: 1643739879517
  logout: 1643739879613
ipAddress: 127.0.0.1
lastlocation:
  world: world
  x: -211.5
  y: 67.0
  z: 257.5
  yaw: 0.0
  pitch: 0.0
logoutlocation:
  world: world
  x: -210.5
  y: 67.0
  z: 249.5
  yaw: -0.5899048
  pitch: 89.41758
