timestamps:
  login: 1645653999274
  lastteleport: 1645654415686
  logout: 1645654433823
ipAddress: 127.0.0.1
lastlocation:
  world: world
  x: -102.49517459383722
  y: 64.0
  z: 426.18873064328494
  yaw: 33.254395
  pitch: 11.006259
logoutlocation:
  world: world
  x: -148.19857206321475
  y: 74.0
  z: 373.50641352377374
  yaw: -33.795673
  pitch: 26.25001
homes:
  home:
    world: world
    x: -149.5
    y: 74.0
    z: 374.5
    yaw: 57.104336
    pitch: 12.300009
