timestamps:
  login: 1646249675181
  lastteleport: 1646249737388
ipAddress: 127.0.0.1
lastlocation:
  world: world
  x: -210.49250382019562
  y: 70.0
  z: 249.91426754124666
  yaw: -2.2399013
  pitch: 0.91757107
