timestamps:
  login: 1646404211928
  lastteleport: 1646404584441
ipAddress: 127.0.0.1
lastlocation:
  world: world
  x: -69.17049225598666
  y: 89.0
  z: 256.79348385129714
  yaw: -243.44043
  pitch: 69.60001
logoutlocation:
  world: world
  x: -76.3709060358326
  y: 74.0
  z: 296.222318852149
  yaw: -33.440063
  pitch: 21.89999
