timestamps:
  login: 1643663486719
  logout: 1643663514419
ipAddress: 127.0.0.1
lastlocation:
  world: world
  x: -192.5
  y: 69.0
  z: 260.5
  yaw: 0.0
  pitch: 0.0
logoutlocation:
  world: world
  x: -210.5
  y: 67.0
  z: 249.5
  yaw: -0.8899048
  pitch: 87.61758
