timestamps:
  login: 1646154931274
  logout: 1646154990824
ipAddress: 127.0.0.1
lastlocation:
  world: world
  x: -234.5
  y: 68.0
  z: 224.5
  yaw: 0.0
  pitch: 0.0
logoutlocation:
  world: world
  x: -210.5
  y: 67.0
  z: 249.5
  yaw: -1.7899013
  pitch: 4.067571
