timestamps:
  login: 1647284901816
  logout: 1647284883616
ipAddress: 127.0.0.1
lastlocation:
  world: world
  x: -214.5
  y: 67.0
  z: 262.5
  yaw: 0.0
  pitch: 0.0
logoutlocation:
  world: world
  x: -210.5
  y: 64.0
  z: 249.5
  yaw: -5.9899015
  pitch: 5.7175717
