logoutlocation:
  world: world
  x: -209.94785133786954
  y: 40.0
  z: 259.23711600765574
  yaw: 45.460083
  pitch: 19.79999
timestamps:
  login: 1646415078716
  lastteleport: 1646414706396
ipAddress: 127.0.0.1
lastlocation:
  world: world
  x: -211.69999998807907
  y: 57.0
  z: 250.36402482827833
  yaw: -342.13992
  pitch: 60.467575
