timestamps:
  login: 1646100950226
  logout: 1646101054026
ipAddress: 127.0.0.1
lastlocation:
  world: world
  x: -233.5
  y: 69.0
  z: 236.5
  yaw: 0.0
  pitch: 0.0
logoutlocation:
  world: world
  x: -202.54788858572022
  y: 69.0
  z: 262.96439106628793
  yaw: -46.339905
  pitch: 28.799995
