timestamps:
  login: 1645917473469
  lastteleport: 1645909630312
  logout: 1645917514556
ipAddress: 127.0.0.1
lastlocation:
  world: world
  x: -213.69999998807907
  y: 58.93612497923646
  z: 256.69999998807907
  yaw: -151.1899
  pitch: 17.099993
afk: false
logoutlocation:
  world: world
  x: -210.49250382019562
  y: 68.0
  z: 249.91426754124666
  yaw: -2.3899014
  pitch: 1.067571
