timestamps:
  login: 1646416463153
  logout: 1646417733694
ipAddress: 127.0.0.1
lastlocation:
  world: world
  x: -228.5
  y: 66.0
  z: 224.5
  yaw: 0.0
  pitch: 0.0
logoutlocation:
  world: world
  x: -1037.5921141369718
  y: 59.0
  z: 2167.699999988079
  yaw: -147.27115
  pitch: 10.349992
homes:
  home:
    world: world
    x: -1037.5921141369718
    y: 59.0
    z: 2167.699999988079
    yaw: -147.27115
    pitch: 10.349992
