timestamps:
  login: 1646172361014
  logout: 1646172344863
  lastteleport: 1646079782737
ipAddress: 127.0.0.1
lastlocation:
  world: world
  x: -127.75427595686486
  y: 72.10408037809304
  z: 240.23528886274843
  yaw: 150.31018
  pitch: 45.617577
logoutlocation:
  world: world
  x: -206.93306993735047
  y: 57.0
  z: 248.6999999880791
  yaw: 76.81018
  pitch: 20.867573
