timestamps:
  login: 1646256960367
  logout: 1646256982190
ipAddress: 127.0.0.1
lastlocation:
  world: world
  x: -211.5
  y: 57.0
  z: 266.5
  yaw: 0.0
  pitch: 0.0
logoutlocation:
  world: world
  x: -211.40377279427787
  y: 67.0
  z: 249.69999998807907
  yaw: -268.63992
  pitch: -90.0
