timestamps:
  login: 1646405462597
  logout: 1646405792101
ipAddress: 127.0.0.1
lastlocation:
  world: world
  x: -219.5
  y: 63.0
  z: 258.5
  yaw: 0.0
  pitch: 0.0
logoutlocation:
  world: world
  x: -206.2400654210969
  y: 60.24918707874468
  z: 249.30000001192093
  yaw: 296.7102
  pitch: 36.917576
