timestamps:
  login: 1645801350640
  lastteleport: 1645803215347
  logout: 1645803402530
ipAddress: 127.0.0.1
lastlocation:
  world: world
  x: -216.69999998807907
  y: 33.0
  z: 281.69999998807907
  yaw: 213.01062
  pitch: 3.899992
logoutlocation:
  world: world
  x: -196.9366114089731
  y: 63.0
  z: 114.07673399099997
  yaw: 31.932373
  pitch: -25.650011
