timestamps:
  login: 1646412131898
  lastteleport: 1646411644537
  logout: 1646412046496
ipAddress: 127.0.0.1
lastlocation:
  world: world
  x: 1460.699999988079
  y: 57.0
  z: 149.69999998807907
  yaw: 130.8465
  pitch: -9.047156
logoutlocation:
  world: world
  x: -210.49250382019562
  y: 67.0
  z: 249.91426754124666
  yaw: -2.2399013
  pitch: 0.91757107
homes:
  home:
    world: world
    x: 1475.5
    y: 68.0
    z: 199.5
    yaw: 182.56079
    pitch: 62.399998
afk: false
