timestamps:
  login: 1645644898524
  logout: 1645644991323
ipAddress: 127.0.0.1
lastlocation:
  world: world
  x: -190.5
  y: 70.0
  z: 254.5
  yaw: 0.0
  pitch: 0.0
logoutlocation:
  world: world
  x: -194.50736740416878
  y: 70.0
  z: 285.4998934384578
  yaw: -2.9898994
  pitch: 11.249993
