timestamps:
  login: 1646060726667
  logout: 1646060779927
ipAddress: 127.0.0.1
lastlocation:
  world: world
  x: -202.5
  y: 70.0
  z: 236.5
  yaw: 0.0
  pitch: 0.0
logoutlocation:
  world: world
  x: -211.5
  y: 68.0
  z: 249.5
  yaw: -2.2399013
  pitch: 0.91757107
