timestamps:
  login: 1646231565272
  logout: 1646231622172
ipAddress: 127.0.0.1
lastlocation:
  world: world
  x: -198.5
  y: 70.0
  z: 236.5
  yaw: 0.0
  pitch: 0.0
logoutlocation:
  world: world
  x: -210.5
  y: 67.0
  z: 248.5
  yaw: -3.1399014
  pitch: 0.917571
