timestamps:
  login: 1646223921771
  logout: 1646223981111
ipAddress: 127.0.0.1
lastlocation:
  world: world
  x: -214.5
  y: 65.0
  z: 263.5
  yaw: 0.0
  pitch: 0.0
logoutlocation:
  world: world
  x: -210.5
  y: 67.0
  z: 248.5
  yaw: -0.58990115
  pitch: 0.76757103
