timestamps:
  login: 1646407085626
  lastteleport: 1646407160389
ipAddress: 127.0.0.1
lastlocation:
  world: world
  x: -210.5
  y: 64.0
  z: 249.5
  yaw: -246.43993
  pitch: 26.417574
logoutlocation:
  world: world
  x: -104.31146344485086
  y: 64.0
  z: 200.1509041660423
  yaw: 158.56018
  pitch: 2.8500082
