timestamps:
  login: 1646407049052
ipAddress: 127.0.0.1
lastlocation:
  world: world
  x: -204.5
  y: 67.0
  z: 272.5
  yaw: 0.0
  pitch: 0.0
logoutlocation:
  world: world
  x: 15.23989668250838
  y: 61.946218052455876
  z: 10.839252153397078
  yaw: 166.81013
  pitch: 47.249996
