timestamps:
  login: 1643652106442
  logout: 1643652189762
ipAddress: 127.0.0.1
lastlocation:
  world: world
  x: -223.5
  y: 68.0
  z: 242.5
  yaw: 0.0
  pitch: 0.0
logoutlocation:
  world: world
  x: -210.1070360021371
  y: 68.0
  z: 281.07804450835926
  yaw: 192.6101
  pitch: -11.850009
homes:
  home:
    world: world
    x: -201.30000001192093
    y: 57.0
    z: 312.4275585786187
    yaw: -171.73993
    pitch: 34.799995
