timestamps:
  login: 1645640037241
  logout: 1645640120147
ipAddress: 127.0.0.1
lastlocation:
  world: world
  x: -185.5
  y: 78.0
  z: 240.5
  yaw: 0.0
  pitch: 0.0
logoutlocation:
  world: world
  x: -166.0035617197113
  y: 67.0
  z: 173.3217060350883
  yaw: -186.58997
  pitch: 6.0000086
