timestamps:
  login: 1646071376215
  lastteleport: 1646071592858
  logout: 1646072119805
ipAddress: 127.0.0.1
lastlocation:
  world: world
  x: -210.49250382019562
  y: 68.0
  z: 249.91426754124666
  yaw: -113.53991
  pitch: 15.767572
logoutlocation:
  world: world
  x: -211.30000001192093
  y: 64.0
  z: 159.69999998807907
  yaw: 232.21075
  pitch: 20.849995
