timestamps:
  login: 1646166160804
  logout: 1646166646800
ipAddress: 127.0.0.1
lastlocation:
  world: world
  x: -193.5
  y: 68.0
  z: 268.5
  yaw: 0.0
  pitch: 0.0
logoutlocation:
  world: world
  x: -137.01696344417803
  y: 66.0
  z: 351.78159422347494
  yaw: 259.06018
  pitch: 26.85001
