timestamps:
  login: 1643739256083
  logout: 1643739422142
ipAddress: 127.0.0.1
lastlocation:
  world: world
  x: -223.5
  y: 67.0
  z: 223.5
  yaw: 0.0
  pitch: 0.0
logoutlocation:
  world: world
  x: -240.49136012827836
  y: 68.0
  z: 203.7757097924617
  yaw: 213.91011
  pitch: -46.799995
