timestamps:
  login: 1643752241773
  logout: 1643752256122
ipAddress: 127.0.0.1
lastlocation:
  world: world
  x: -229.5
  y: 68.0
  z: 238.5
  yaw: 0.0
  pitch: 0.0
logoutlocation:
  world: world
  x: -209.26819175100823
  y: 67.0
  z: 247.30000001192093
  yaw: 235.36014
  pitch: 20.85001
