timestamps:
  login: 1646329663106
  logout: 1646329756692
  lastteleport: 1646329723912
ipAddress: 127.0.0.1
lastlocation:
  world: world
  x: -210.49250382019562
  y: 64.0
  z: 249.91426754124666
  yaw: -2.2399013
  pitch: 0.91757107
logoutlocation:
  world: world
  x: -477.31791020732805
  y: 68.0
  z: 390.92682167713014
  yaw: -211.8204
  pitch: 29.703442
