timestamps:
  login: 1643655221308
  logout: 1643655745691
  lastteleport: 1643653618675
ipAddress: 127.0.0.1
lastlocation:
  world: world
  x: 54.69999998807907
  y: 11.0
  z: 283.69999998807907
  yaw: -38.549652
  pitch: 19.349993
logoutlocation:
  world: world
  x: 84.39107696186245
  y: 64.0
  z: 210.69999998807913
  yaw: 262.5008
  pitch: -10.649993
