timestamps:
  login: 1646182192067
  logout: 1646182818030
  lastteleport: 1646182362177
ipAddress: 127.0.0.1
lastlocation:
  world: world
  x: -210.49250382019562
  y: 71.0
  z: 249.91426754124666
  yaw: 41.560104
  pitch: 27.467573
logoutlocation:
  world: world
  x: -132.4008199420084
  y: 64.0
  z: -74.30000001192093
  yaw: 120.47925
  pitch: 7.3499928
