timestamps:
  login: 1646417306450
  logout: 1646417777266
  lastteleport: 1646256575627
ipAddress: 127.0.0.1
lastlocation:
  world: world
  x: -210.49250382019562
  y: 75.0
  z: 249.91426754124666
  yaw: -2.2399013
  pitch: 0.91757107
logoutlocation:
  world: world
  x: -182.84798418181282
  y: 68.0
  z: 356.39377400311434
  yaw: 271.60593
  pitch: 11.231244
