timestamps:
  login: 1646424668414
  logout: 1646425081431
  lastteleport: 1646424839988
ipAddress: 127.0.0.1
lastlocation:
  world: world
  x: -252.83794982637752
  y: 75.03869424607393
  z: 199.69929900375092
  yaw: 181.66011
  pitch: 15.899993
logoutlocation:
  world: world
  x: -210.49250382019562
  y: 65.0
  z: 249.91426754124666
  yaw: -2.2399013
  pitch: 0.91757107
