timestamps:
  login: 1643820896738
  logout: 1643820996266
ipAddress: 127.0.0.1
lastlocation:
  world: world
  x: -195.18974549069404
  y: 64.0
  z: 189.31836459971143
  yaw: 24.010098
  pitch: 8.117573
logoutlocation:
  world: world
  x: -197.10781074778558
  y: 65.0155550727022
  z: 193.62104879470647
  yaw: 24.010098
  pitch: 8.117573
