timestamps:
  login: 1645813560313
  logout: 1645814013624
ipAddress: 127.0.0.1
lastlocation:
  world: world
  x: -206.849963309735
  y: 10.049999997764827
  z: 320.30000001192093
  yaw: 164.11012
  pitch: 39.767574
logoutlocation:
  world: world
  x: -206.88216457469096
  y: 10.021562490989457
  z: 320.30000001192093
  yaw: 164.11012
  pitch: 39.767574
