timestamps:
  login: 1645816929897
  logout: 1645817036074
ipAddress: 127.0.0.1
lastlocation:
  world: world
  x: -210.5
  y: 70.0
  z: 226.5
  yaw: 0.0
  pitch: 0.0
logoutlocation:
  world: world
  x: -169.69999998807907
  y: 60.0
  z: 212.8291458948744
  yaw: 233.54137
  pitch: 20.40001
