timestamps:
  login: 1646245506212
  lastteleport: 1646245780242
  logout: 1646245796143
ipAddress: 127.0.0.1
lastlocation:
  world: world
  x: -210.49250382019562
  y: 67.0
  z: 249.91426754124666
  yaw: -2.2399013
  pitch: 0.91757107
logoutlocation:
  world: world
  x: -179.0146419340594
  y: 50.0
  z: 331.32598042239147
  yaw: 271.96002
  pitch: 5.399994
