timestamps:
  login: 1646076035315
  logout: 1646076075314
ipAddress: 127.0.0.1
lastlocation:
  world: world
  x: -186.5
  y: 70.0
  z: 246.5
  yaw: 0.0
  pitch: 0.0
logoutlocation:
  world: world
  x: -174.57912886486827
  y: 41.0
  z: 339.3962198550366
  yaw: 207.91011
  pitch: 8.249996
