timestamps:
  login: 1643662598620
  logout: 1643662674419
ipAddress: 127.0.0.1
lastlocation:
  world: world
  x: -161.78228156446013
  y: 64.0
  z: 497.70643097430076
  yaw: 5.5600553
  pitch: 47.999996
logoutlocation:
  world: world
  x: -262.1284783795214
  y: 64.0
  z: 116.5446765538695
  yaw: 203.41014
  pitch: 10.499993
