timestamps:
  login: 1646176817502
  lastteleport: 1646145118520
  logout: 1646176881922
ipAddress: 127.0.0.1
lastlocation:
  world: world
  x: -210.49250382019562
  y: 67.0
  z: 249.91426754124666
  yaw: -2.2399013
  pitch: 0.91757107
homes:
  home:
    world: world
    x: -41.31790388516933
    y: 64.0
    z: -52.55488790703939
    yaw: 358.49414
    pitch: 28.117119
logoutlocation:
  world: world
  x: -42.112100110460034
  y: 64.0
  z: -52.91008518120974
  yaw: -72.16652
  pitch: 13.414449
afk: false
