timestamps:
  login: 1646417853559
  logout: 1646417869662
ipAddress: 127.0.0.1
lastlocation:
  world: world
  x: -277.30000001192093
  y: 71.0
  z: 278.69999998807907
  yaw: 346.36023
  pitch: 31.667574
logoutlocation:
  world: world
  x: -210.49250382019562
  y: 67.0
  z: 249.91426754124666
  yaw: -2.2399013
  pitch: 0.91757107
