timestamps:
  login: 1646402038958
ipAddress: 127.0.0.1
lastlocation:
  world: world
  x: -236.5
  y: 70.0
  z: 239.5
  yaw: 0.0
  pitch: 0.0
logoutlocation:
  world: world
  x: -210.5
  y: 64.0
  z: 249.5
  yaw: -2.8399014
  pitch: 0.91757107
