timestamps:
  login: 1646416166901
  logout: 1646416207349
  lastteleport: 1646406696855
ipAddress: 127.0.0.1
lastlocation:
  world: world
  x: -210.49250382019562
  y: 64.94199995994562
  z: 249.91426754124666
  yaw: -2.2399013
  pitch: 0.91757107
logoutlocation:
  world: world
  x: -299.4491205188028
  y: 77.0
  z: 3.279095397554254
  yaw: 110.22296
  pitch: 90.0
afk: false
