timestamps:
  login: 1646249851269
  lastteleport: 1646250067979
  logout: 1646250165145
ipAddress: 127.0.0.1
lastlocation:
  world: world
  x: -210.49250382019562
  y: 70.0
  z: 249.91426754124666
  yaw: 32.833233
  pitch: -5.495802
homes:
  home:
    world: world
    x: -76.18392370098864
    y: 64.0
    z: 368.180515558478
    yaw: 66.069336
    pitch: 6.826569
logoutlocation:
  world: world
  x: -81.97868721000006
  y: 26.0
  z: 368.69999998807907
  yaw: 322.39307
  pitch: 15.244121
