timestamps:
  login: 1646109427827
  logout: 1646109539026
ipAddress: 127.0.0.1
lastlocation:
  world: world
  x: -233.5
  y: 69.0
  z: 239.5
  yaw: 0.0
  pitch: 0.0
logoutlocation:
  world: world
  x: -58.47627649198235
  y: 60.48143394599352
  z: 207.3584772864721
  yaw: -151.33992
  pitch: 7.5175714
