timestamps:
  login: 1646249369522
  logout: 1646249582973
ipAddress: 127.0.0.1
lastlocation:
  world: world
  x: -234.5
  y: 71.0
  z: 273.5
  yaw: 0.0
  pitch: 0.0
logoutlocation:
  world: world
  x: -218.60339626785185
  y: 62.0
  z: 257.4955053103368
  yaw: -327.16745
  pitch: 45.186806
