timestamps:
  login: 1646413066553
  logout: 1646414118840
ipAddress: 127.0.0.1
lastlocation:
  world: world
  x: -210.75511899544773
  y: 38.0
  z: 254.27725546909483
  yaw: 17.7101
  pitch: 50.699997
logoutlocation:
  world: world
  x: -243.140086212557
  y: 68.0
  z: 335.2005488341363
  yaw: 12.01008
  pitch: 1.6499921
