timestamps:
  login: 1647981390898
  logout: 1647981414227
ipAddress: 127.0.0.1
lastlocation:
  world: world
  x: -220.5
  y: 64.0
  z: 234.5
  yaw: 0.0
  pitch: 0.0
logoutlocation:
  world: world
  x: -210.5
  y: 67.0
  z: 252.5
  yaw: 358.81015
  pitch: 14.400009
