timestamps:
  login: 1646413570746
  logout: 1646323658268
ipAddress: 127.0.0.1
lastlocation:
  world: world
  x: -211.40715059452597
  y: 68.0
  z: 301.48759519879405
  yaw: -88.34012
  pitch: 27.45001
logoutlocation:
  world: world
  x: -210.59040901744115
  y: 63.961999940872104
  z: 249.9987620820358
  yaw: 5.2600994
  pitch: 9.617572
