timestamps:
  login: 1643814490586
  logout: 1643814737678
ipAddress: 127.0.0.1
lastlocation:
  world: world
  x: -217.5
  y: 68.0
  z: 242.5
  yaw: 0.0
  pitch: 0.0
logoutlocation:
  world: world
  x: -145.69999998807907
  y: 69.0
  z: 212.69783829892867
  yaw: -277.78992
  pitch: 27.467573
