timestamps:
  login: 1647614228910
  logout: 1647614323988
  lastteleport: 1646060425343
ipAddress: 127.0.0.1
lastlocation:
  world: world
  x: -182.5
  y: 66.0
  z: 238.5
  yaw: 0.0
  pitch: 0.0
logoutlocation:
  world: world
  x: -210.5
  y: 67.0
  z: 249.5
  yaw: -2.0899012
  pitch: 1.6675712
