timestamps:
  login: 1646315556844
  logout: 1646316628486
ipAddress: 127.0.0.1
lastlocation:
  world: world
  x: -195.30000001192093
  y: 72.0
  z: 323.30000001192093
  yaw: -11.539902
  pitch: 13.967572
logoutlocation:
  world: world
  x: -304.30000001192093
  y: 65.0
  z: 403.1632358389327
  yaw: 24.853943
  pitch: 19.049992
