timestamps:
  login: 1646227295011
  lastteleport: 1646227678639
  logout: 1646227996111
ipAddress: 127.0.0.1
lastlocation:
  world: world
  x: -287.1510159338389
  y: 64.0
  z: 88.55062082626837
  yaw: -197.39014
  pitch: 14.850009
logoutlocation:
  world: world
  x: -210.49250382019562
  y: 67.0
  z: 249.91426754124666
  yaw: -2.2399013
  pitch: 0.91757107
