timestamps:
  login: 1646331077619
  logout: 1646331093270
ipAddress: 127.0.0.1
lastlocation:
  world: world
  x: -293.69999998807907
  y: 73.10408037809304
  z: 201.6468771303901
  yaw: 60.31018
  pitch: 32.399994
logoutlocation:
  world: world
  x: -210.49250382019562
  y: 65.30421341792974
  z: 252.60161975686802
  yaw: -2.2399013
  pitch: 0.91757107
