timestamps:
  login: 1646331877335
  logout: 1646331575268
ipAddress: 127.0.0.1
lastlocation:
  world: world
  x: -203.5
  y: 67.0
  z: 273.5
  yaw: 0.0
  pitch: 0.0
logoutlocation:
  world: world
  x: -210.5
  y: 64.0
  z: 249.5
  yaw: -1.7899013
  pitch: 1.5175711
