timestamps:
  login: 1646060556861
  logout: 1646060664650
  lastteleport: 1646060648576
ipAddress: 127.0.0.1
lastlocation:
  world: world
  x: -517.430113537153
  y: 75.0
  z: -54.80759118655361
  yaw: -66.41556
  pitch: 43.054073
logoutlocation:
  world: world
  x: -210.49250382019562
  y: 69.0
  z: 249.91426754124666
  yaw: 2.2600992
  pitch: 19.367573
