timestamps:
  login: 1645386629304
  logout: 1645386657809
ipAddress: 127.0.0.1
lastlocation:
  world: world
  x: -194.5
  y: 70.0
  z: 230.5
  yaw: 0.0
  pitch: 0.0
logoutlocation:
  world: world
  x: -210.5
  y: 67.0
  z: 249.5
  yaw: -0.5899048
  pitch: 89.41758
