timestamps:
  login: 1646336574652
  logout: 1646336660652
ipAddress: 127.0.0.1
lastlocation:
  world: world
  x: -195.5
  y: 70.0
  z: 227.5
  yaw: 0.0
  pitch: 0.0
logoutlocation:
  world: world
  x: -146.59094089370922
  y: 74.0
  z: 383.8481033691127
  yaw: 171.31018
  pitch: 15.149993
