timestamps:
  login: 1643666617823
ipAddress: 127.0.0.1
lastlocation:
  world: world
  x: -203.30000001192093
  y: 68.0
  z: 251.69999998807907
  yaw: 227.11012
  pitch: 14.867573
