timestamps:
  login: 1647457400696
  logout: 1647457417980
  lastteleport: 1647449685042
ipAddress: 127.0.0.1
lastlocation:
  world: world
  x: -100.19934532515617
  y: 64.0
  z: 331.04580812186236
  yaw: 26.56015
  pitch: 36.317574
logoutlocation:
  world: world
  x: -321.4420530060309
  y: 67.0
  z: 333.01451956932453
  yaw: 168.96645
  pitch: 25.256245
homes:
  home:
    world: world
    x: 357.5411397706374
    y: 42.0
    z: 1167.203708774494
    yaw: -141.88977
    pitch: 18.60001
