timestamps:
  login: 1646332169016
  logout: 1646332584115
ipAddress: 127.0.0.1
lastlocation:
  world: world
  x: -196.74003913564854
  y: 69.24918707874468
  z: 279.30000001192093
  yaw: -105.88991
  pitch: 39.599995
logoutlocation:
  world: world
  x: -214.30000001192093
  y: 56.0
  z: 252.30000001192093
  yaw: -90.28991
  pitch: 8.717572
