timestamps:
  login: 1643746834704
  logout: 1643747008622
  lastteleport: 1643746934585
ipAddress: 127.0.0.1
lastlocation:
  world: world
  x: -210.3046404383045
  y: 67.0
  z: 249.54926548148748
  yaw: -0.5899048
  pitch: 89.41758
logoutlocation:
  world: world
  x: -115.02160536295307
  y: 68.0
  z: 374.9868798773829
  yaw: -319.74823
  pitch: 0.794456
