timestamps:
  login: 1643840752559
  logout: 1643840773609
  lastteleport: 1643839985778
ipAddress: 127.0.0.1
lastlocation:
  world: world
  x: -210.3046404383045
  y: 67.0
  z: 249.54926548148748
  yaw: 4.060096
  pitch: 87.01758
logoutlocation:
  world: world
  x: -642.5906292172662
  y: 55.0
  z: 569.0111071640094
  yaw: 212.86162
  pitch: 34.349995
afk: false
