timestamps:
  login: 1646159510205
  logout: 1646159533900
ipAddress: 127.0.0.1
lastlocation:
  world: world
  x: -190.5
  y: 71.0
  z: 272.5
  yaw: 0.0
  pitch: 0.0
logoutlocation:
  world: world
  x: -210.29366300182983
  y: 58.24918707874468
  z: 254.87855196113935
  yaw: -4.6399016
  pitch: 8.117572
