timestamps:
  login: 1643656700814
  logout: 1643656745556
ipAddress: 127.0.0.1
lastlocation:
  world: world
  x: -205.5
  y: 67.0
  z: 271.5
  yaw: 0.0
  pitch: 0.0
logoutlocation:
  world: world
  x: -212.69999998807907
  y: 67.0
  z: 8.460568915911084
  yaw: 17.857086
  pitch: 28.33537
