timestamps:
  login: 1645814115713
  logout: 1645814288513
ipAddress: 127.0.0.1
lastlocation:
  world: world
  x: -229.69999998807907
  y: 68.0
  z: 237.30000001192093
  yaw: 325.51013
  pitch: 2.8499923
logoutlocation:
  world: world
  x: -210.33610753513915
  y: 67.0
  z: 249.62723614104974
  yaw: 4.2101135
  pitch: -88.48244
