timestamps:
  login: 1646327120072
  logout: 1646327175421
ipAddress: 127.0.0.1
lastlocation:
  world: world
  x: -204.5
  y: 67.0
  z: 261.5
  yaw: 0.0
  pitch: 0.0
logoutlocation:
  world: world
  x: -220.69999998807907
  y: 62.0
  z: 249.07245379354185
  yaw: -68.886536
  pitch: 9.530367
