timestamps:
  login: 1646416550842
  logout: 1646416207349
ipAddress: 127.0.0.1
lastlocation:
  world: world
  x: -194.5
  y: 69.0
  z: 272.5
  yaw: 0.0
  pitch: 0.0
logoutlocation:
  world: world
  x: -218.41464455077792
  y: 70.0
  z: 227.87523207267924
  yaw: -16.48993
  pitch: 27.749994
