timestamps:
  login: 1643657124383
  logout: 1643656588058
ipAddress: 127.0.0.1
lastlocation:
  world: world
  x: -205.5
  y: 67.0
  z: 272.5
  yaw: 0.0
  pitch: 0.0
logoutlocation:
  world: world
  x: -221.69999998807907
  y: 64.0
  z: 1.336111346704054
  yaw: -84.740166
  pitch: 27.149994
afk: false
