timestamps:
  login: 1643832220706
  logout: 1643832357303
ipAddress: 127.0.0.1
lastlocation:
  world: world
  x: -187.5
  y: 74.0
  z: 238.5
  yaw: 0.0
  pitch: 0.0
logoutlocation:
  world: world
  x: -180.26977284798144
  y: 70.0
  z: 162.85218854109024
  yaw: -330.14
  pitch: -34.499996
