timestamps:
  login: 1646256753380
  lastteleport: 1646257419057
  logout: 1646257465335
ipAddress: 127.0.0.1
lastlocation:
  world: world
  x: -210.49250382019562
  y: 75.0
  z: 249.91426754124666
  yaw: -2.2399013
  pitch: 0.91757107
logoutlocation:
  world: world
  x: -985.6999999880791
  y: 58.0
  z: 459.2431642517164
  yaw: 292.06018
  pitch: 5.699992
