timestamps:
  login: 1645799526020
  logout: 1645799639566
ipAddress: 127.0.0.1
lastlocation:
  world: world
  x: -208.30000001192093
  y: 67.0
  z: 252.69999998807907
  yaw: 125.86011
  pitch: 17.417574
logoutlocation:
  world: world
  x: -212.69999998807907
  y: 67.36075
  z: 247.30000001192093
  yaw: -111.739914
  pitch: 32.267574
