timestamps:
  login: 1645651131723
  logout: 1645652026325
ipAddress: 127.0.0.1
lastlocation:
  world: world
  x: -191.5
  y: 69.0
  z: 230.5
  yaw: 0.0
  pitch: 0.0
afk: false
logoutlocation:
  world: world
  x: -260.86304416179166
  y: 5.0
  z: 52.50186651820243
  yaw: 150.61014
  pitch: 73.05002
