timestamps:
  login: 1647604280400
  logout: 1647604286950
ipAddress: 127.0.0.1
lastlocation:
  world: world
  x: -228.5
  y: 71.0
  z: 238.5
  yaw: 0.0
  pitch: 0.0
logoutlocation:
  world: world
  x: -210.5
  y: 67.0
  z: 252.5
  yaw: -2.9960167
  pitch: 13.112538
