timestamps:
  login: 1646160797901
  logout: 1646160879415
ipAddress: 127.0.0.1
lastlocation:
  world: world
  x: -187.5
  y: 70.0
  z: 253.5
  yaw: 0.0
  pitch: 0.0
logoutlocation:
  world: world
  x: -210.5
  y: 58.0
  z: 249.5
  yaw: -2.2399013
  pitch: 0.91757107
