timestamps:
  login: 1643730855727
  logout: 1643730915676
ipAddress: 127.0.0.1
lastlocation:
  world: world
  x: -213.5
  y: 65.0
  z: 267.5
  yaw: 0.0
  pitch: 0.0
logoutlocation:
  world: world
  x: -208.30000001192093
  y: 67.0
  z: 247.30000001192093
  yaw: -173.53362
  pitch: 3.0341215
