timestamps:
  login: 1646424980702
  logout: 1646425042246
ipAddress: 127.0.0.1
lastlocation:
  world: world
  x: -218.5
  y: 65.0
  z: 268.5
  yaw: 0.0
  pitch: 0.0
logoutlocation:
  world: world
  x: -400.89293184374577
  y: 52.0
  z: 497.4128310381173
  yaw: -286.63477
  pitch: 75.74711
