timestamps:
  login: 1646326541455
  logout: 1646326614374
ipAddress: 127.0.0.1
lastlocation:
  world: world
  x: -229.5
  y: 71.0
  z: 253.5
  yaw: 0.0
  pitch: 0.0
logoutlocation:
  world: world
  x: -34.306572574716824
  y: 11.0
  z: 116.30000001192093
  yaw: 270.46014
  pitch: 11.700009
