timestamps:
  login: 1646320736864
  logout: 1646321937782
ipAddress: 127.0.0.1
lastlocation:
  world: world
  x: -230.69999998807907
  y: 71.46634750372172
  z: 294.0524111571215
  yaw: 39.182556
  pitch: 14.9861145
logoutlocation:
  world: world
  x: -182.61973160204775
  y: 58.0
  z: 478.07673793503744
  yaw: -1.222229
  pitch: 10.747205
