timestamps:
  login: 1646410148459
ipAddress: 127.0.0.1
lastlocation:
  world: world
  x: -217.5
  y: 66.0
  z: 257.5
  yaw: 0.0
  pitch: 0.0
logoutlocation:
  world: world
  x: -210.5
  y: 64.0
  z: 249.5
  yaw: -1.0399011
  pitch: 2.117571
