timestamps:
  login: 1646231725837
  logout: 1646231784672
ipAddress: 127.0.0.1
lastlocation:
  world: world
  x: -232.5
  y: 67.0
  z: 223.5
  yaw: 0.0
  pitch: 0.0
logoutlocation:
  world: world
  x: -210.5
  y: 67.0
  z: 249.5
  yaw: -2.2399013
  pitch: 0.91757107
