timestamps:
  login: 1643661757519
  logout: 1643661824419
ipAddress: 127.0.0.1
lastlocation:
  world: world
  x: -227.5
  y: 71.0
  z: 239.5
  yaw: 0.0
  pitch: 0.0
logoutlocation:
  world: world
  x: -134.69999998807907
  y: 63.0
  z: 122.75886955216396
  yaw: 38.71014
  pitch: 8.099993
