timestamps:
  login: 1646311786629
  logout: 1646312960477
ipAddress: 127.0.0.1
lastlocation:
  world: world
  x: -177.30828979189312
  y: 8.0
  z: 278.3297930122644
  yaw: -97.339935
  pitch: 86.10001
logoutlocation:
  world: world
  x: -207.00136852571987
  y: 70.78502770378924
  z: 235.98762999559193
  yaw: -36.439903
  pitch: 12.599993
