timestamps:
  login: 1643651512674
  logout: 1643651563339
ipAddress: 127.0.0.1
lastlocation:
  world: world
  x: -209.5
  y: 60.0
  z: 265.5
  yaw: 0.0
  pitch: 0.0
logoutlocation:
  world: world
  x: -210.5
  y: 64.0
  z: 249.5
  yaw: -0.5899048
  pitch: 89.41758
