timestamps:
  login: 1643834493178
  logout: 1643834554277
ipAddress: 127.0.0.1
lastlocation:
  world: world
  x: -187.5
  y: 69.0
  z: 271.5
  yaw: 0.0
  pitch: 0.0
logoutlocation:
  world: world
  x: -210.5
  y: 67.0
  z: 249.5
  yaw: -0.5899048
  pitch: 89.41758
