timestamps:
  login: 1646406553913
  logout: 1646401325850
ipAddress: 127.0.0.1
lastlocation:
  world: world
  x: -215.5
  y: 67.0
  z: 261.5
  yaw: 0.0
  pitch: 0.0
logoutlocation:
  world: world
  x: -201.30000001192093
  y: 33.41999998688698
  z: 262.96097890547935
  yaw: 235.66011
  pitch: 34.799995
