timestamps:
  login: 1643822897643
  logout: 1643823059290
ipAddress: 127.0.0.1
lastlocation:
  world: world
  x: -144.89948987447394
  y: 72.0
  z: 150.33894903152654
  yaw: 65.56012
  pitch: 4.3499923
logoutlocation:
  world: world
  x: -210.3046404383045
  y: 67.0
  z: 249.54926548148748
  yaw: -72.58991
  pitch: 80.25
