timestamps:
  login: 1646280457936
  logout: 1646280500861
ipAddress: 127.0.0.1
lastlocation:
  world: world
  x: -211.5
  y: 70.0
  z: 224.5
  yaw: 0.0
  pitch: 0.0
logoutlocation:
  world: world
  x: -210.5
  y: 65.0
  z: 249.5
  yaw: -1.4899012
  pitch: 4.3675714
