timestamps:
  login: 1645799006517
  logout: 1645799037066
ipAddress: 127.0.0.1
lastlocation:
  world: world
  x: -192.5
  y: 72.0
  z: 256.5
  yaw: 0.0
  pitch: 0.0
logoutlocation:
  world: world
  x: -210.5
  y: 67.0
  z: 249.5
  yaw: -0.28990474
  pitch: 87.91758
