timestamps:
  login: 1646424207719
  logout: 1646424576313
  lastteleport: 1646424467716
ipAddress: 127.0.0.1
lastlocation:
  world: world
  x: -210.49250382019562
  y: 65.0
  z: 249.91426754124666
  yaw: -2.2399013
  pitch: 0.91757107
logoutlocation:
  world: world
  x: -86.69999998807907
  y: 64.0
  z: 36.96709983360619
  yaw: 59.56021
  pitch: 18.149994
