lastlocation:
  world: world
  x: -233.5
  y: 71.0
  z: 250.5
  yaw: 0.0
  pitch: 0.0
logoutlocation:
  world: world
  x: -210.5
  y: 65.0
  z: 249.5
  yaw: -2.2399013
  pitch: 0.91757107
timestamps:
  login: 1646281006624
  logout: 1646280986303
ipAddress: 127.0.0.1
