timestamps:
  login: 1643593625503
  logout: 1643593664553
ipAddress: 127.0.0.1
lastlocation:
  world: world
  x: -212.69999998807907
  y: 67.01427632843502
  z: 252.69999998807907
  yaw: 208.51012
  pitch: 19.067574
logoutlocation:
  world: world
  x: -212.69999998807907
  y: 67.0
  z: 252.69999998807907
  yaw: 208.51012
  pitch: 19.067574
