timestamps:
  login: 1646314118495
  logout: 1646314272345
ipAddress: 127.0.0.1
lastlocation:
  world: world
  x: -219.5
  y: 70.0
  z: 229.5
  yaw: 0.0
  pitch: 0.0
logoutlocation:
  world: world
  x: -210.5
  y: 67.0
  z: 249.5
  yaw: -3.7399015
  pitch: 6.4675717
