timestamps:
  login: 1646394205026
  logout: 1646394267083
ipAddress: 127.0.0.1
lastlocation:
  world: world
  x: -213.5
  y: 64.0
  z: 266.5
  yaw: 0.0
  pitch: 0.0
logoutlocation:
  world: world
  x: -210.5
  y: 64.0
  z: 249.5
  yaw: -0.7399012
  pitch: -1.1824291
