timestamps:
  login: 1646312957795
  logout: 1646313285283
  lastteleport: 1646267377540
ipAddress: 127.0.0.1
lastlocation:
  world: world
  x: -210.49250382019562
  y: 68.0
  z: 249.91426754124666
  yaw: -0.88990116
  pitch: 5.8675714
logoutlocation:
  world: world
  x: -818.3000000119209
  y: 77.0
  z: 598.6999999880791
  yaw: 109.80249
  pitch: -40.949997
afk: false
