timestamps:
  login: 1646245680395
  logout: 1646247226334
  lastteleport: 1646247179811
ipAddress: 127.0.0.1
lastlocation:
  world: world
  x: -210.49250382019562
  y: 67.0
  z: 249.91426754124666
  yaw: -1.6399013
  pitch: 0.76757103
logoutlocation:
  world: world
  x: -57.33726079366619
  y: 16.0
  z: 273.43310043378773
  yaw: 167.86024
  pitch: 31.799995
