timestamps:
  login: 1643657068665
  logout: 1643657188138
ipAddress: 127.0.0.1
lastlocation:
  world: world
  x: -189.5
  y: 70.0
  z: 249.5
  yaw: 0.0
  pitch: 0.0
logoutlocation:
  world: world
  x: -223.78552199766438
  y: 75.0
  z: 396.4864135330141
  yaw: -290.98993
  pitch: 39.599995
