timestamps:
  login: 1646072067702
  logout: 1646072110355
ipAddress: 127.0.0.1
lastlocation:
  world: world
  x: -205.2354175449345
  y: 66.74871949164199
  z: 285.6587904969075
  yaw: 56.560104
  pitch: 28.817574
logoutlocation:
  world: world
  x: -184.75244997390553
  y: 71.0
  z: 252.88801956197756
  yaw: -90.13991
  pitch: 4.6675715
