timestamps:
  login: 1643665583823
  logout: 1643665612023
ipAddress: 127.0.0.1
lastlocation:
  world: world
  x: -236.5
  y: 71.0
  z: 257.5
  yaw: 0.0
  pitch: 0.0
logoutlocation:
  world: world
  x: -238.227605036339
  y: 69.0
  z: 336.2681511803463
  yaw: 319.66016
  pitch: -1.9499928
