timestamps:
  login: 1645808745102
  logout: 1645808758502
ipAddress: 127.0.0.1
lastlocation:
  world: world
  x: -211.5
  y: 61.0
  z: 263.5
  yaw: 0.0
  pitch: 0.0
ban:
  reason: '§4Banned:

    §rThe Ban Hammer has spoken!'
  timeout: 0
logoutlocation:
  world: world
  x: -210.41962329291113
  y: 68.0
  z: 244.2169152725451
  yaw: -180.58992
  pitch: 10.799993
