timestamps:
  login: 1643664928074
  logout: 1643664944523
ipAddress: 127.0.0.1
lastlocation:
  world: world
  x: -192.5
  y: 75.0
  z: 223.5
  yaw: 0.0
  pitch: 0.0
logoutlocation:
  world: world
  x: -210.5
  y: 67.0
  z: 249.5
  yaw: -0.5899048
  pitch: 89.41758
