timestamps:
  login: 1646320287166
  logout: 1646320940277
ipAddress: 127.0.0.1
lastlocation:
  world: world
  x: -229.5
  y: 69.0
  z: 269.5
  yaw: 0.0
  pitch: 0.0
logoutlocation:
  world: world
  x: 75.37307356149532
  y: 71.0
  z: 186.34509159178558
  yaw: -146.98978
  pitch: 9.300009
