timestamps:
  login: 1646326329905
  logout: 1646326401725
  lastteleport: 1646322919668
ipAddress: 127.0.0.1
lastlocation:
  world: world
  x: -210.49250382019562
  y: 64.0
  z: 249.91426754124666
  yaw: -2.2399013
  pitch: 0.91757107
logoutlocation:
  world: world
  x: -261.69999998807907
  y: 64.0
  z: 1.971813829745522
  yaw: 146.99493
  pitch: 24.449993
