timestamps:
  login: 1643835460163
  logout: 1643835633424
ipAddress: 127.0.0.1
lastlocation:
  world: world
  x: -208.30000001192093
  y: 67.93612497923645
  z: 247.30000001192093
  yaw: 168.01013
  pitch: 46.949997
logoutlocation:
  world: world
  x: -207.85712841344971
  y: 68.0
  z: 243.30000001192093
  yaw: 29.710098
  pitch: 2.8499923
