timestamps:
  login: 1646419961248
  logout: 1646419977703
  lastteleport: 1646419736175
ipAddress: 127.0.0.1
lastlocation:
  world: world
  x: -210.49250382019562
  y: 63.961999940872104
  z: 249.91426754124666
  yaw: 1.9600991
  pitch: 0.46757102
logoutlocation:
  world: world
  x: -291.5891060755199
  y: 68.0
  z: 257.3230894141143
  yaw: -244.34003
  pitch: 46.349995
