timestamps:
  login: 1643727892976
  logout: 1643727953177
ipAddress: 127.0.0.1
lastlocation:
  world: world
  x: -232.5
  y: 71.0
  z: 260.5
  yaw: 0.0
  pitch: 0.0
logoutlocation:
  world: world
  x: -210.5
  y: 67.0
  z: 249.5
  yaw: -1.0399048
  pitch: 89.56758
