timestamps:
  login: 1643822846717
  logout: 1643822955610
ipAddress: 127.0.0.1
lastlocation:
  world: world
  x: -225.5
  y: 71.0
  z: 274.5
  yaw: 0.0
  pitch: 0.0
logoutlocation:
  world: world
  x: -210.5
  y: 67.0
  z: 249.5
  yaw: 6.9100957
  pitch: 74.41758
