timestamps:
  login: 1643860699752
  logout: 1643846341109
ipAddress: 127.0.0.1
lastlocation:
  world: world
  x: -223.5
  y: 67.0
  z: 227.5
  yaw: 0.0
  pitch: 0.0
logoutlocation:
  world: world
  x: -192.23721973265583
  y: 63.0
  z: 156.85418070937388
  yaw: 36.61019
  pitch: 20.699995
