timestamps:
  login: 1646142599438
  logout: 1646142608188
ipAddress: 127.0.0.1
lastlocation:
  world: world
  x: -215.5
  y: 67.0
  z: 246.5
  yaw: 0.0
  pitch: 0.0
logoutlocation:
  world: world
  x: -211.5
  y: 69.0
  z: 249.5
  yaw: -6.1399016
  pitch: 2.4175713
