timestamps:
  login: 1646331905430
  logout: 1646333513204
ipAddress: 127.0.0.1
lastlocation:
  world: world
  x: -194.0114220230475
  y: 80.0
  z: 433.8611719857864
  yaw: -94.63991
  pitch: 84.9
logoutlocation:
  world: world
  x: -209.02716971158802
  y: 67.0
  z: 268.35568346248056
  yaw: 193.96011
  pitch: 85.66758
