timestamps:
  login: 1643739931366
  logout: 1643739944614
ipAddress: 127.0.0.1
logoutlocation:
  world: world
  x: -210.5
  y: 67.0
  z: 249.5
  yaw: -0.13990474
  pitch: 88.96758
