timestamps:
  login: 1643839351410
  logout: 1643839388611
ipAddress: 127.0.0.1
lastlocation:
  world: world
  x: -208.5
  y: 67.0
  z: 257.5
  yaw: 0.0
  pitch: 0.0
logoutlocation:
  world: world
  x: -209.65996663149335
  y: 67.0
  z: 249.82967061271592
  yaw: -5.689905
  pitch: 2.8499923
