timestamps:
  login: 1646064206824
  logout: 1646065110559
ipAddress: 127.0.0.1
lastlocation:
  world: world
  x: -230.5
  y: 71.0
  z: 274.5
  yaw: 0.0
  pitch: 0.0
logoutlocation:
  world: world
  x: -445.2313303754105
  y: 10.0
  z: 238.44220990447818
  yaw: 88.09766
  pitch: 24.262495
