timestamps:
  login: 1645859793373
  logout: 1645859853472
ipAddress: 127.0.0.1
lastlocation:
  world: world
  x: -203.5
  y: 70.0
  z: 235.5
  yaw: 0.0
  pitch: 0.0
logoutlocation:
  world: world
  x: -210.5
  y: 67.0
  z: 249.5
  yaw: -1.789905
  pitch: 81.16758
