timestamps:
  login: 1646317520936
  logout: 1646317714190
ipAddress: 127.0.0.1
lastlocation:
  world: world
  x: -219.69999998807907
  y: 63.0
  z: 258.69999998807907
  yaw: 197.41011
  pitch: -11.38243
logoutlocation:
  world: world
  x: -219.69999998807907
  y: 63.0
  z: 258.69999998807907
  yaw: 197.41011
  pitch: -11.38243
