timestamps:
  login: 1646373689933
  logout: 1646374247502
ipAddress: 127.0.0.1
lastlocation:
  world: world
  x: -236.5
  y: 69.0
  z: 233.5
  yaw: 0.0
  pitch: 0.0
logoutlocation:
  world: world
  x: -149.87292078134112
  y: 73.0
  z: 344.5330659442721
  yaw: 320.11023
  pitch: 25.049994
