timestamps:
  login: 1643839611560
  logout: 1643839623609
ipAddress: 127.0.0.1
lastlocation:
  world: world
  x: -191.5
  y: 69.0
  z: 228.5
  yaw: 0.0
  pitch: 0.0
logoutlocation:
  world: world
  x: -210.5
  y: 67.0
  z: 249.5
  yaw: 2.1100955
  pitch: 84.46758
