lastlocation:
  world: world
  x: -219.5
  y: 66.0
  z: 243.5
  yaw: 0.0
  pitch: 0.0
logoutlocation:
  world: world
  x: -242.81045540376087
  y: 72.0
  z: 493.4860884896977
  yaw: -1.6399013
  pitch: 41.867577
timestamps:
  logout: 1646329198378
