timestamps:
  login: 1646414492255
ipAddress: 127.0.0.1
lastlocation:
  world: world
  x: -206.5
  y: 68.0
  z: 268.5
  yaw: 0.0
  pitch: 0.0
logoutlocation:
  world: world
  x: -205.8991059427872
  y: 74.0
  z: 351.7047077018082
  yaw: -26.389904
  pitch: 40.217575
