timestamps:
  login: 1646236291878
  logout: 1646236420373
  lastteleport: 1646235098122
ipAddress: 127.0.0.1
lastlocation:
  world: world
  x: -199.5
  y: 69.0
  z: 245.5
  yaw: 61.510105
  pitch: -3.2824287
logoutlocation:
  world: world
  x: -194.24840918216907
  y: 70.28502770378924
  z: 258.3827162045068
  yaw: -107.68991
  pitch: 16.667572
