timestamps:
  login: 1643745258924
  logout: 1643745318621
ipAddress: 127.0.0.1
lastlocation:
  world: world
  x: -222.5
  y: 72.0
  z: 260.5
  yaw: 0.0
  pitch: 0.0
logoutlocation:
  world: world
  x: -326.26430124817097
  y: 73.0
  z: 260.4241631799661
  yaw: 175.06018
  pitch: 42.00001
