timestamps:
  login: 1643838188309
  logout: 1643838206110
ipAddress: 127.0.0.1
lastlocation:
  world: world
  x: -229.5
  y: 69.0
  z: 239.5
  yaw: 0.0
  pitch: 0.0
logoutlocation:
  world: world
  x: -210.5
  y: 67.0
  z: 249.5
  yaw: 1.2100954
  pitch: 89.86758
