timestamps:
  login: 1646410416039
ipAddress: 127.0.0.1
lastlocation:
  world: world
  x: -215.5
  y: 64.0
  z: 268.5
  yaw: 0.0
  pitch: 0.0
logoutlocation:
  world: world
  x: -209.27161595401452
  y: 64.0
  z: 250.1342246428263
  yaw: -62.689907
  pitch: 33.617573
