timestamps:
  login: 1646427079131
  lastteleport: 1646427490228
  logout: 1646427454640
ipAddress: 127.0.0.1
lastlocation:
  world: world
  x: -210.49250382019562
  y: 64.94199995994562
  z: 249.91426754124666
  yaw: -55.489906
  pitch: 8.567572
logoutlocation:
  world: world
  x: 146.30000001192093
  y: 75.0
  z: 41.69999998807907
  yaw: 240.92845
  pitch: -55.65001
