timestamps:
  login: 1647459933572
  lastteleport: 1645800302434
  logout: 1647459993277
ipAddress: 127.0.0.1
lastlocation:
  world: world
  x: -183.5
  y: 65.0
  z: 263.5
  yaw: 0.0
  pitch: 0.0
logoutlocation:
  world: world
  x: -210.5
  y: 65.0
  z: 249.5
  yaw: -2.0899012
  pitch: 1.3675711
