timestamps:
  login: 1645645049323
  logout: 1645645426324
ipAddress: 127.0.0.1
lastlocation:
  world: world
  x: -220.62099706872303
  y: 67.05489334703208
  z: 251.0514055904803
  yaw: 6.610138
  pitch: 20.849995
logoutlocation:
  world: world
  x: -209.1940683994328
  y: 67.0
  z: 250.92438136058925
  yaw: 136.66011
  pitch: 34.199993
