timestamps:
  login: 1646418982157
  lastteleport: 1646418729074
  logout: 1646419010419
ipAddress: 127.0.0.1
lastlocation:
  world: world
  x: -210.49250382019562
  y: 64.0
  z: 249.91426754124666
  yaw: -2.2399013
  pitch: 0.91757107
afk: false
logoutlocation:
  world: world
  x: -214.57649727148507
  y: 64.0
  z: 301.69999998807907
  yaw: 154.7917
  pitch: 12.899995
