timestamps:
  login: 1646323594665
  logout: 1646323658268
ipAddress: 127.0.0.1
lastlocation:
  world: world
  x: 360.82177282820555
  y: 67.0
  z: 261.546219573363
  yaw: -208.67743
  pitch: -0.9199291
logoutlocation:
  world: world
  x: -134.21829696143206
  y: 72.0
  z: 299.12802379795124
  yaw: -89.98991
  pitch: 22.517572
