timestamps:
  login: 1643649075535
  logout: 1643649080059
ipAddress: 127.0.0.1
lastlocation:
  world: world
  x: -235.5
  y: 72.0
  z: 248.5
  yaw: 0.0
  pitch: 0.0
logoutlocation:
  world: world
  x: -210.5
  y: 67.0
  z: 249.5
  yaw: -3.439905
  pitch: 84.31758
