timestamps:
  login: 1646311815133
  logout: 1646312285525
ipAddress: 127.0.0.1
lastlocation:
  world: world
  x: -102.30000001192094
  y: 63.0
  z: 440.30000001192093
  yaw: -268.1899
  pitch: -0.88242906
logoutlocation:
  world: world
  x: -178.0839133277911
  y: 68.0
  z: 304.73684965456016
  yaw: 39.3101
  pitch: 23.867573
