timestamps:
  login: 1646073661552
  logout: 1646073753659
  lastteleport: 1646073742404
ipAddress: 127.0.0.1
lastlocation:
  world: world
  x: -210.49250382019562
  y: 68.0
  z: 249.91426754124666
  yaw: -2.2399013
  pitch: 0.91757107
logoutlocation:
  world: world
  x: -212.00216829007545
  y: 73.0
  z: 340.73399298806936
  yaw: 50.485138
  pitch: 9.749993
homes:
  home:
    world: world
    x: 142.62456021480767
    y: 75.0
    z: 38.032924324077506
    yaw: 181.81012
    pitch: 18.300009
afk: false
