timestamps:
  login: 1643814326599
  logout: 1643814374323
ipAddress: 127.0.0.1
lastlocation:
  world: world
  x: -213.5
  y: 69.0
  z: 236.5
  yaw: 0.0
  pitch: 0.0
logoutlocation:
  world: world
  x: -210.5
  y: 67.0
  z: 249.5
  yaw: -0.5899048
  pitch: 89.41758
