timestamps:
  login: 1643657161416
  logout: 1643654555375
  lastteleport: 1643654367252
ipAddress: 127.0.0.1
lastlocation:
  world: world
  x: -210.3046404383045
  y: 67.0
  z: 249.54926548148748
  yaw: -0.5899048
  pitch: 89.41758
logoutlocation:
  world: world
  x: -427.1231390609946
  y: 16.0
  z: 688.3620305902243
  yaw: 170.36493
  pitch: -20.240284
afk: false
