timestamps:
  login: 1646078233491
  logout: 1646078328623
ipAddress: 127.0.0.1
lastlocation:
  world: world
  x: -188.5
  y: 71.0
  z: 239.5
  yaw: 0.0
  pitch: 0.0
logoutlocation:
  world: world
  x: -142.89210728308166
  y: 70.0
  z: 224.4795291824021
  yaw: 8.8601
  pitch: 20.417572
