timestamps:
  login: 1643732943277
  logout: 1643733053176
ipAddress: 127.0.0.1
lastlocation:
  world: world
  x: -216.5
  y: 69.0
  z: 235.5
  yaw: 0.0
  pitch: 0.0
logoutlocation:
  world: world
  x: -133.30000001192093
  y: 62.0
  z: 154.30000001192093
  yaw: 4.6600957
  pitch: -24.00001
