timestamps:
  login: 1643666510823
  logout: 1643666657023
ipAddress: 127.0.0.1
lastlocation:
  world: world
  x: -136.34014527017334
  y: 68.0155550727022
  z: 184.77694610724308
  yaw: -112.78992
  pitch: 0.749992
logoutlocation:
  world: world
  x: -210.3046404383045
  y: 67.0
  z: 249.54926548148748
  yaw: -0.5899048
  pitch: 89.41758
