timestamps:
  login: 1643811401402
  logout: 1643811591395
ipAddress: 127.0.0.1
lastlocation:
  world: world
  x: -205.5
  y: 68.0
  z: 269.5
  yaw: 0.0
  pitch: 0.0
logoutlocation:
  world: world
  x: -3.0956909867736946
  y: 63.0
  z: 135.3555887889845
  yaw: 259.83505
  pitch: 17.294876
