timestamps:
  login: 1646166013600
  logout: 1646166543859
ipAddress: 127.0.0.1
lastlocation:
  world: world
  x: -186.5
  y: 69.0
  z: 268.5
  yaw: 0.0
  pitch: 0.0
logoutlocation:
  world: world
  x: -156.92478136240558
  y: 29.0
  z: 301.63733550317556
  yaw: 142.81018
  pitch: -62.999996
