timestamps:
  login: 1646929215536
  logout: 1646929428953
ipAddress: 127.0.0.1
lastlocation:
  world: world
  x: -192.5
  y: 69.0
  z: 257.5
  yaw: 0.0
  pitch: 0.0
logoutlocation:
  world: world
  x: -210.69999998807907
  y: 56.0
  z: 251.30000001192093
  yaw: -8.389901
  pitch: 24.617573
