timestamps:
  login: 1646404721771
  lastteleport: 1646236090376
  logout: 1646236085159
ipAddress: 127.0.0.1
lastlocation:
  world: world
  x: -210.49250382019562
  y: 67.0
  z: 249.91426754124666
  yaw: -2.2399013
  pitch: 0.91757107
logoutlocation:
  world: world
  x: 67.75873453981322
  y: 41.46636804164124
  z: 147.34714882983064
  yaw: 197.25993
  pitch: 11.699992
