timestamps:
  login: 1646407311719
  logout: 1646406441434
ipAddress: 127.0.0.1
lastlocation:
  world: world
  x: -187.5
  y: 71.0
  z: 241.5
  yaw: 0.0
  pitch: 0.0
logoutlocation:
  world: world
  x: -367.73781781888647
  y: 64.0
  z: 375.71928816171675
  yaw: -254.84009
  pitch: 35.999996
