timestamps:
  login: 1645631939628
  logout: 1645632886328
  lastteleport: 1645632211385
ipAddress: 127.0.0.1
lastlocation:
  world: world
  x: -210.3046404383045
  y: 67.0
  z: 249.54926548148748
  yaw: -0.5899048
  pitch: 89.41758
logoutlocation:
  world: world
  x: -298.45057661851246
  y: 122.0
  z: 253.50803761394477
  yaw: 279.97375
  pitch: -90.0
