timestamps:
  login: 1646426295916
  logout: 1646426895647
  lastteleport: 1646422897498
ipAddress: 127.0.0.1
lastlocation:
  world: world
  x: -210.49250382019562
  y: 65.0
  z: 249.91426754124666
  yaw: -2.2399013
  pitch: 0.91757107
logoutlocation:
  world: world
  x: -205.3522887589253
  y: 11.0
  z: 514.6999999880791
  yaw: 283.96014
  pitch: 90.0
afk: false
