timestamps:
  login: 1643664168973
  logout: 1643664719524
ipAddress: 127.0.0.1
lastlocation:
  world: world
  x: -167.25361588840164
  y: 71.0
  z: 231.41189023137844
  yaw: 340.06012
  pitch: 11.850009
logoutlocation:
  world: world
  x: -459.5026996849385
  y: 63.0
  z: 250.80495686919883
  yaw: 282.78394
  pitch: 86.1
