lastlocation:
  world: world
  x: -205.5
  y: 68.0
  z: 255.5
  yaw: 0.0
  pitch: 0.0
timestamps:
  logout: 1643818545083
  login: 1643818483244
logoutlocation:
  world: world
  x: -210.5
  y: 67.0
  z: 249.5
  yaw: -0.5899048
  pitch: 89.41758
ipAddress: 127.0.0.1
