timestamps:
  login: 1646604231314
ipAddress: 127.0.0.1
lastlocation:
  world: world
  x: -212.5
  y: 56.0
  z: 253.5
  yaw: 0.0
  pitch: 0.0
logoutlocation:
  world: world
  x: -210.5
  y: 64.0
  z: 249.5
  yaw: 0.91009897
  pitch: 1.9675711
