timestamps:
  login: 1646421402373
  logout: 1646421460766
ipAddress: 127.0.0.1
lastlocation:
  world: world
  x: -225.5
  y: 68.0
  z: 235.5
  yaw: 0.0
  pitch: 0.0
logoutlocation:
  world: world
  x: -210.5
  y: 64.0
  z: 249.5
  yaw: -2.2399013
  pitch: 0.91757107
