timestamps:
  login: 1646413481789
  logout: 1646405792101
  lastteleport: 1645640195468
ipAddress: 127.0.0.1
lastlocation:
  world: world
  x: -217.30000001192093
  y: 67.07822180807942
  z: 244.30000001192087
  yaw: -138.28998
  pitch: 9.617571
logoutlocation:
  world: world
  x: -210.49250382019562
  y: 67.0
  z: 249.91426754124666
  yaw: -2.2399013
  pitch: 0.91757107
