timestamps:
  login: 1645797326766
  logout: 1645797532067
ipAddress: 127.0.0.1
lastlocation:
  world: world
  x: -212.69999998807907
  y: 67.0
  z: 252.69999998807907
  yaw: -162.58992
  pitch: 13.067573
logoutlocation:
  world: world
  x: -208.31922090678762
  y: 67.0
  z: 249.82400252699742
  yaw: 85.210144
  pitch: 20.117573
