timestamps:
  login: 1644811430885
  logout: 1644811496684
ipAddress: 127.0.0.1
lastlocation:
  world: world
  x: -212.5
  y: 68.0
  z: 243.5
  yaw: 0.0
  pitch: 0.0
logoutlocation:
  world: world
  x: -212.93909451533654
  y: 74.0
  z: 246.68703255406544
  yaw: -101.239914
  pitch: 12.599993
