timestamps:
  login: 1643603754124
  logout: 1643603804425
ipAddress: 127.0.0.1
lastlocation:
  world: world
  x: -234.5
  y: 68.0
  z: 228.5
  yaw: 0.0
  pitch: 0.0
logoutlocation:
  world: world
  x: -231.89752397834278
  y: 66.0
  z: 207.8436756281818
  yaw: 87.9101
  pitch: -3.7324288
