timestamps:
  login: 1645649005574
  logout: 1645649188823
ipAddress: 127.0.0.1
lastlocation:
  world: world
  x: -208.5
  y: 67.0
  z: 270.5
  yaw: 0.0
  pitch: 0.0
logoutlocation:
  world: world
  x: -186.92625723378225
  y: 75.0
  z: 327.8278269156216
  yaw: -58.03991
  pitch: 13.217573
