timestamps:
  login: 1645417628390
  logout: 1645417718139
ipAddress: 127.0.0.1
lastlocation:
  world: world
  x: -339.1289495344809
  y: 65.0
  z: 358.36873695481853
  yaw: 14.110138
  pitch: 82.5
logoutlocation:
  world: world
  x: -186.2878871354633
  y: 60.00922822479261
  z: 91.47508627952678
  yaw: 184.3601
  pitch: 36.167576
