timestamps:
  login: 1646912640498
  logout: 1646913107298
  lastteleport: 1646912989501
ipAddress: 127.0.0.1
lastlocation:
  world: world
  x: -210.49250382019562
  y: 65.0
  z: 249.91426754124666
  yaw: -2.2399013
  pitch: 0.91757107
logoutlocation:
  world: world
  x: -138.30148504359653
  y: 73.0
  z: 323.69999998807907
  yaw: 185.2601
  pitch: 18.899994
