timestamps:
  login: 1646172209203
  logout: 1646172669005
  lastteleport: 1646172507624
ipAddress: 127.0.0.1
lastlocation:
  world: world
  x: -210.49250382019562
  y: 69.0
  z: 249.91426754124666
  yaw: -2.2399013
  pitch: 0.91757107
logoutlocation:
  world: world
  x: -477.02832817116064
  y: 68.0
  z: 385.07684093455794
  yaw: -126.734436
  pitch: 33.299995
homes:
  home:
    world: world
    x: -352.20315794510356
    y: 64.0
    z: 267.95277289019714
    yaw: 208.81563
    pitch: 26.549994
