timestamps:
  login: 1646247987592
  logout: 1646248079793
ipAddress: 127.0.0.1
lastlocation:
  world: world
  x: -187.5
  y: 70.0
  z: 253.5
  yaw: 0.0
  pitch: 0.0
logoutlocation:
  world: world
  x: -139.20270876407807
  y: 16.0
  z: 259.8908745138152
  yaw: -70.03991
  pitch: 60.899998
