timestamps:
  login: 1646323886364
  logout: 1646323947646
  lastteleport: 1646247106413
ipAddress: 127.0.0.1
lastlocation:
  world: world
  x: -210.49250382019562
  y: 67.0
  z: 249.91426754124666
  yaw: -2.2399013
  pitch: 0.91757107
logoutlocation:
  world: world
  x: -58.69999998807907
  y: 16.0
  z: 275.69999998807907
  yaw: -102.81537
  pitch: 25.649994
