timestamps:
  login: 1643841653909
  logout: 1643841798613
  lastteleport: 1643828283589
ipAddress: 127.0.0.1
lastlocation:
  world: world
  x: -210.3046404383045
  y: 67.0
  z: 249.54926548148748
  yaw: -0.5899048
  pitch: 89.11758
logoutlocation:
  world: world
  x: 5.30000001192093
  y: 69.0
  z: 41.69999998807907
  yaw: 39.19937
  pitch: 23.699993
