timestamps:
  login: 1646414451420
ipAddress: 127.0.0.1
lastlocation:
  world: world
  x: -225.5
  y: 69.0
  z: 243.5
  yaw: 0.0
  pitch: 0.0
logoutlocation:
  world: world
  x: -209.1217844313955
  y: 58.0
  z: 254.50937698743758
  yaw: 254.56013
  pitch: 27.317574
