timestamps:
  login: 1645827684395
  logout: 1645827812640
ipAddress: 127.0.0.1
lastlocation:
  world: world
  x: -216.5
  y: 63.0
  z: 274.5
  yaw: 0.0
  pitch: 0.0
logoutlocation:
  world: world
  x: -209.05532478148007
  y: 67.0
  z: 250.76611174747165
  yaw: 135.46011
  pitch: 21.449993
