timestamps:
  login: 1643832395153
  logout: 1643832534803
ipAddress: 127.0.0.1
lastlocation:
  world: world
  x: -213.5
  y: 67.0
  z: 274.5
  yaw: 0.0
  pitch: 0.0
logoutlocation:
  world: world
  x: -214.85787486631864
  y: 72.0
  z: 178.39468454980846
  yaw: -252.58997
  pitch: 17.399994
