timestamps:
  login: 1645909705613
  logout: 1645909785320
ipAddress: 127.0.0.1
lastlocation:
  world: world
  x: -193.5
  y: 68.0
  z: 266.5
  yaw: 0.0
  pitch: 0.0
logoutlocation:
  world: world
  x: -215.56059486219473
  y: 68.0
  z: 243.8338741963503
  yaw: -345.13992
  pitch: 11.417572
