timestamps:
  login: 1646141921788
  logout: 1646141923188
ipAddress: 127.0.0.1
logoutlocation:
  world: world
  x: -157.2291232302238
  y: 75.24918707874468
  z: 253.77211208938297
  yaw: 217.81012
  pitch: 89.4
