timestamps:
  login: 1645827868696
  logout: 1645827933536
  lastteleport: 1645820927241
ipAddress: 127.0.0.1
lastlocation:
  world: world
  x: -210.3046404383045
  y: 67.0
  z: 249.54926548148748
  yaw: -0.5899048
  pitch: 89.41758
logoutlocation:
  world: world
  x: -43.857951756465496
  y: 12.0
  z: 69.69999998807907
  yaw: 0.77905273
  pitch: -7.3500085
afk: false
