timestamps:
  login: 1646073075625
  logout: 1646073221199
ipAddress: 127.0.0.1
lastlocation:
  world: world
  x: -193.5
  y: 70.0
  z: 254.5
  yaw: 0.0
  pitch: 0.0
logoutlocation:
  world: world
  x: -176.69999998807907
  y: 38.0
  z: 341.3000000119209
  yaw: -49.189907
  pitch: 30.467573
