timestamps:
  login: 1646415737994
  logout: 1646412449835
ipAddress: 127.0.0.1
lastlocation:
  world: world
  x: -187.5
  y: 70.0
  z: 252.5
  yaw: 0.0
  pitch: 0.0
logoutlocation:
  world: world
  x: -198.24337572140615
  y: 59.166109260938214
  z: 252.38308361259126
  yaw: -96.88991
  pitch: -13.63243
