timestamps:
  login: 1643840412259
  logout: 1643840513609
ipAddress: 127.0.0.1
lastlocation:
  world: world
  x: -214.5
  y: 69.0
  z: 240.5
  yaw: 0.0
  pitch: 0.0
logoutlocation:
  world: world
  x: -183.69999998807907
  y: 56.0
  z: 213.30000001192093
  yaw: 313.9289
  pitch: -63.326954
afk: false
