timestamps:
  login: 1643821496657
  logout: 1643821511090
ipAddress: 127.0.0.1
lastlocation:
  world: world
  x: -219.5
  y: 72.0
  z: 268.5
  yaw: 0.0
  pitch: 0.0
logoutlocation:
  world: world
  x: -210.5
  y: 67.0
  z: 249.5
  yaw: 1.5288454
  pitch: 82.64883
