timestamps:
  login: 1646264384087
  logout: 1646264391459
ipAddress: 127.0.0.1
lastlocation:
  world: world
  x: -224.5
  y: 69.0
  z: 263.5
  yaw: 0.0
  pitch: 0.0
logoutlocation:
  world: world
  x: -210.5
  y: 67.0
  z: 249.5
  yaw: -2.2399013
  pitch: 0.91757107
