timestamps:
  login: 1643850339861
  lastteleport: 1643844899231
  logout: 1643850398610
ipAddress: 127.0.0.1
lastlocation:
  world: world
  x: -219.5
  y: 69.0
  z: 236.5
  yaw: 0.0
  pitch: 0.0
logoutlocation:
  world: world
  x: -210.5
  y: 67.0
  z: 249.5
  yaw: -0.5899048
  pitch: 89.41758
