timestamps:
  login: 1646267767878
  logout: 1646267768848
ipAddress: 127.0.0.1
lastlocation:
  world: world
  x: -195.5
  y: 70.0
  z: 235.5
  yaw: 0.0
  pitch: 0.0
logoutlocation:
  world: world
  x: -210.5
  y: 67.0
  z: 249.5
  yaw: -1.9399012
  pitch: 5.8675714
