timestamps:
  login: 1646428069523
  lastteleport: 1646428750231
ipAddress: 127.0.0.1
lastlocation:
  world: world
  x: -2638.078853457997
  y: 26.0
  z: 314.7385839248013
  yaw: 36.328125
  pitch: 7.9499927
