timestamps:
  login: 1645917016426
  logout: 1645917029065
ipAddress: 127.0.0.1
lastlocation:
  world: world
  x: -221.5
  y: 67.0
  z: 246.5
  yaw: 0.0
  pitch: 0.0
logoutlocation:
  world: world
  x: -211.5
  y: 67.0
  z: 249.5
  yaw: -2.2399013
  pitch: 0.91757107
