timestamps:
  login: 1646424003813
  lastteleport: 1646426845340
  logout: 1646426929163
ipAddress: 127.0.0.1
lastlocation:
  world: world
  x: -210.5
  y: 64.0
  z: 249.5
  yaw: -83.23991
  pitch: 12.917572
logoutlocation:
  world: world
  x: -1261.699999988079
  y: 51.0
  z: 139.30000001192093
  yaw: 144.91043
  pitch: -4.2000093
afk: false
