timestamps:
  login: 1646062138203
  logout: 1646062228664
ipAddress: 127.0.0.1
lastlocation:
  world: world
  x: -204.30000001192093
  y: 71.0
  z: 311.3000000119209
  yaw: -342.13995
  pitch: 14.267572
logoutlocation:
  world: world
  x: -204.30000001192093
  y: 71.0
  z: 311.3000000119209
  yaw: -342.13995
  pitch: 14.267572
