timestamps:
  login: 1643637561478
  logout: 1643637604883
ipAddress: 127.0.0.1
lastlocation:
  world: world
  x: -210.5
  y: 69.0
  z: 238.5
  yaw: 0.0
  pitch: 0.0
logoutlocation:
  world: world
  x: -210.5
  y: 67.0
  z: 249.5
  yaw: -1.4899049
  pitch: 85.51758
