timestamps:
  login: 1643834248780
  logout: 1643834518054
ipAddress: 127.0.0.1
lastlocation:
  world: world
  x: 5.42284627790605
  y: 64.0
  z: 290.9647850546502
  yaw: -345.52817
  pitch: 7.6512136
logoutlocation:
  world: world
  x: -70.30000001192094
  y: 86.0
  z: 261.82025954460585
  yaw: -48.49765
  pitch: 24.978586
