timestamps:
  login: 1643664781373
  logout: 1643666214523
ipAddress: 127.0.0.1
lastlocation:
  world: world
  x: -110.69990157203017
  y: 63.0
  z: 601.7868133896948
  yaw: -267.58994
  pitch: 15.449993
logoutlocation:
  world: world
  x: -210.3046404383045
  y: 67.0
  z: 249.54926548148748
  yaw: -127.03992
  pitch: 84.75
