timestamps:
  login: 1646416186046
  logout: 1646416528436
ipAddress: 127.0.0.1
lastlocation:
  world: world
  x: -233.5
  y: 68.0
  z: 231.5
  yaw: 0.0
  pitch: 0.0
logoutlocation:
  world: world
  x: -214.0352408298506
  y: 80.0
  z: 422.69999998807907
  yaw: -316.93994
  pitch: 8.717573
