timestamps:
  login: 1646334873700
  logout: 1646335121558
ipAddress: 127.0.0.1
lastlocation:
  world: world
  x: -211.69999998807907
  y: 64.0
  z: 248.30000001192093
  yaw: 21.1601
  pitch: -15.2999935
logoutlocation:
  world: world
  x: -211.69999998807907
  y: 64.275125
  z: 248.30000001192093
  yaw: 21.1601
  pitch: -15.2999935
