timestamps:
  login: 1645063946463
  logout: 1645064034263
ipAddress: 127.0.0.1
lastlocation:
  world: world
  x: -236.5
  y: 74.0
  z: 252.5
  yaw: 0.0
  pitch: 0.0
logoutlocation:
  world: world
  x: -167.30000001192093
  y: 69.0
  z: 284.6493269595069
  yaw: -54.799633
  pitch: 19.43984
