timestamps:
  login: 1646243760198
ipAddress: 127.0.0.1
lastlocation:
  world: world
  x: -208.5
  y: 70.0
  z: 233.51959999994338
  yaw: 0.0
  pitch: 0.0
logoutlocation:
  world: world
  x: -178.62642009386835
  y: 71.0
  z: 240.51405186941753
  yaw: -73.93994
  pitch: 5.2675714
