timestamps:
  login: 1646243324123
ipAddress: 127.0.0.1
lastlocation:
  world: world
  x: -191.69999998807907
  y: 67.0
  z: 297.69999998807907
  yaw: -115.33994
  pitch: 56.567574
