timestamps:
  login: 1646162126013
  logout: 1646163318193
ipAddress: 127.0.0.1
lastlocation:
  world: world
  x: -40.79289924325722
  y: 64.0
  z: 659.2676844999337
  yaw: 87.31014
  pitch: 13.949993
logoutlocation:
  world: world
  x: -92.32083341196169
  y: 69.0
  z: 280.8915158034385
  yaw: 201.0102
  pitch: 33.299995
