timestamps:
  login: 1646273443561
  logout: 1646277671542
ipAddress: 127.0.0.1
lastlocation:
  world: world
  x: -227.5
  y: 70.0
  z: 248.5
  yaw: 0.0
  pitch: 0.0
logoutlocation:
  world: world
  x: 479.82904664518753
  y: 71.92159999847412
  z: 629.628165746414
  yaw: 11.578901
  pitch: 44.699997
