timestamps:
  login: 1646277804010
  logout: 1646278523479
ipAddress: 127.0.0.1
lastlocation:
  world: world
  x: -233.5
  y: 71.0
  z: 251.5
  yaw: 0.0
  pitch: 0.0
logoutlocation:
  world: world
  x: 264.33026898109085
  y: 70.0
  z: 502.64851618435824
  yaw: 220.62268
  pitch: 37.236324
