timestamps:
  login: 1646231834623
  logout: 1646233395598
ipAddress: 127.0.0.1
lastlocation:
  world: world
  x: -116.00892235016805
  y: 62.14262399437571
  z: 284.30000001192093
  yaw: 32.2601
  pitch: 2.7175713
logoutlocation:
  world: world
  x: -90.00523735196681
  y: 65.0
  z: 285.23750001192093
  yaw: 159.3101
  pitch: 27.017572
