timestamps:
  login: 1646165123760
  logout: 1646165822517
ipAddress: 127.0.0.1
lastlocation:
  world: world
  x: -206.5
  y: 67.0
  z: 255.5
  yaw: 0.0
  pitch: 0.0
logoutlocation:
  world: world
  x: -97.34431853089886
  y: 65.0
  z: 294.2429399723403
  yaw: 56.56024
  pitch: 21.767572
