timestamps:
  login: 1646248326925
ipAddress: 127.0.0.1
lastlocation:
  world: world
  x: 292.1779652812455
  y: 68.0
  z: 620.1045282178134
  yaw: 110.4101
  pitch: 44.849995
