timestamps:
  login: 1646245328550
  logout: 1646245866399
ipAddress: 127.0.0.1
lastlocation:
  world: world
  x: -205.5
  y: 68.0
  z: 238.5
  yaw: 0.0
  pitch: 0.0
logoutlocation:
  world: world
  x: -69.54169244692127
  y: 64.0
  z: -14.212080955586789
  yaw: 193.66016
  pitch: 18.299994
