timestamps:
  login: 1646277714560
  logout: 1646277792292
ipAddress: 127.0.0.1
lastlocation:
  world: world
  x: -188.5
  y: 69.0
  z: 262.5
  yaw: 0.0
  pitch: 0.0
logoutlocation:
  world: world
  x: -182.24843773361806
  y: 62.26060842247811
  z: 137.25749977410482
  yaw: 245.56012
  pitch: 15.317573
