timestamps:
  login: 1645854958197
  lastteleport: 1645854864158
  logout: 1645854966482
ipAddress: 127.0.0.1
lastlocation:
  world: world
  x: -186.3591307521575
  y: 65.0
  z: 195.76467373508757
  yaw: 109.75487
  pitch: 23.771976
logoutlocation:
  world: world
  x: -210.3046404383045
  y: 67.0
  z: 249.54926548148748
  yaw: -2.389905
  pitch: 87.31758
