timestamps:
  login: 1646248653892
  logout: 1646248831681
ipAddress: 127.0.0.1
lastlocation:
  world: world
  x: -210.5
  y: 67.0
  z: 249.5
  yaw: -2.2399013
  pitch: 0.91757107
logoutlocation:
  world: world
  x: -218.01157877107153
  y: 66.0
  z: 268.3341355451819
  yaw: 62.710106
  pitch: 10.967572
