timestamps:
  login: 1645799532319
  logout: 1645799769566
ipAddress: 127.0.0.1
lastlocation:
  world: world
  x: -209.86465349823393
  y: 67.0
  z: 249.9839885556603
  yaw: 170.11015
  pitch: 26.999998
logoutlocation:
  world: world
  x: -208.69999998807907
  y: 71.0
  z: 184.1134402356672
  yaw: 102.460144
  pitch: 15.167573
