timestamps:
  login: 1646155800198
  logout: 1646155889502
ipAddress: 127.0.0.1
lastlocation:
  world: world
  x: -196.5
  y: 67.0
  z: 252.5
  yaw: 0.0
  pitch: 0.0
logoutlocation:
  world: world
  x: -93.49558807534729
  y: 64.0
  z: 191.62380012495223
  yaw: -61.189907
  pitch: 21.617573
