timestamps:
  login: 1643593462655
  logout: 1643593499553
ipAddress: 127.0.0.1
lastlocation:
  world: world
  x: -208.4831167128627
  y: 67.0
  z: 252.16483123417564
  yaw: 151.0601
  pitch: 19.067574
logoutlocation:
  world: world
  x: -208.8016241681076
  y: 67.0
  z: 252.69999998807907
  yaw: 151.0601
  pitch: 19.067574
