timestamps:
  login: 1647467887011
  lastteleport: 1646142924554
  logout: 1647467893961
ipAddress: 127.0.0.1
lastlocation:
  world: world
  x: -186.5
  y: 67.0
  z: 268.5
  yaw: 0.0
  pitch: 0.0
logoutlocation:
  world: world
  x: -210.5
  y: 65.0
  z: 249.5
  yaw: -2.2399013
  pitch: 0.91757107
