timestamps:
  login: 1643638454636
  logout: 1643638725668
ipAddress: 127.0.0.1
lastlocation:
  world: world
  x: -232.5
  y: 71.0
  z: 251.5
  yaw: 0.0
  pitch: 0.0
logoutlocation:
  world: world
  x: -202.30000001192093
  y: 34.0
  z: 274.69999998807907
  yaw: -292.33997
  pitch: -89.85
