timestamps:
  login: 1646242679879
  logout: 1646242697331
  lastteleport: 1646242687854
ipAddress: 127.0.0.1
lastlocation:
  world: world
  x: -210.49250382019562
  y: 69.0
  z: 249.91426754124666
  yaw: -2.2399013
  pitch: 0.91757107
logoutlocation:
  world: world
  x: 67.67555521535819
  y: 48.0
  z: 70.70514986393654
  yaw: 24.010803
  pitch: 42.600014
afk: false
