timestamps:
  login: 1645635670940
  logout: 1645635726328
ipAddress: 127.0.0.1
lastlocation:
  world: world
  x: -216.5
  y: 70.0
  z: 224.5
  yaw: 0.0
  pitch: 0.0
logoutlocation:
  world: world
  x: -217.43072392005317
  y: 69.0
  z: 238.48979959651075
  yaw: -270.13992
  pitch: -52.182434
