timestamps:
  login: 1645976011245
  logout: 1645977224691
ipAddress: 127.0.0.1
lastlocation:
  world: world
  x: -195.5
  y: 70.0
  z: 250.5
  yaw: 0.0
  pitch: 0.0
logoutlocation:
  world: world
  x: -429.4628391341998
  y: 73.0
  z: 213.87643204827245
  yaw: -2.840088
  pitch: -28.049994
