timestamps:
  login: 1643738953913
  logout: 1643739017113
ipAddress: 127.0.0.1
lastlocation:
  world: world
  x: -210.46124116886662
  y: 68.0
  z: 246.16976365509055
  yaw: 265.2101
  pitch: 14.417573
logoutlocation:
  world: world
  x: -210.64414122202584
  y: 68.0
  z: 243.30000001192093
  yaw: 265.2101
  pitch: 14.417573
