timestamps:
  login: 1646324619692
  lastteleport: 1646325090329
  logout: 1646325623466
ipAddress: 127.0.0.1
lastlocation:
  world: world
  x: -210.49250382019562
  y: 64.0
  z: 249.91426754124666
  yaw: -2.2399013
  pitch: 0.91757107
logoutlocation:
  world: world
  x: -764.7624999880791
  y: 58.0
  z: -712.0530539169938
  yaw: -299.40002
  pitch: -45.899998
