timestamps:
  login: 1646218780805
  lastteleport: 1646219941126
  logout: 1646219986101
ipAddress: 127.0.0.1
lastlocation:
  world: world
  x: -210.49250382019562
  y: 69.0
  z: 249.91426754124666
  yaw: -93.119156
  pitch: -4.850813
logoutlocation:
  world: world
  x: -200.5349024184075
  y: 68.0
  z: 287.91826133302646
  yaw: -191.39935
  pitch: 7.447817
homes:
  home:
    world: world
    x: -57.80375075595036
    y: 69.0
    z: 167.77810288777815
    yaw: 92.58017
    pitch: 14.512495
