timestamps:
  login: 1646323764869
  logout: 1646324273684
ipAddress: 127.0.0.1
lastlocation:
  world: world
  x: -93.2246054693415
  y: 64.0
  z: 91.88758685463135
  yaw: 244.92273
  pitch: 9.000009
logoutlocation:
  world: world
  x: -220.22189475814238
  y: 66.0
  z: 263.4941380627545
  yaw: 76.210144
  pitch: 34.517574
