timestamps:
  login: 1645640927948
  lastteleport: 1645627112192
  logout: 1645641022647
ipAddress: 127.0.0.1
lastlocation:
  world: world
  x: -210.3046404383045
  y: 67.0
  z: 249.54926548148748
  yaw: 75.0101
  pitch: 90.0
logoutlocation:
  world: world
  x: -158.71740562352588
  y: 57.0
  z: -979.5678359623265
  yaw: 87.41986
  pitch: 42.749996
