timestamps:
  login: 1647625066807
  logout: 1647625071097
ipAddress: 127.0.0.1
lastlocation:
  world: world
  x: -207.5
  y: 64.0
  z: 241.5
  yaw: 0.0
  pitch: 0.0
logoutlocation:
  world: world
  x: -210.5
  y: 67.0
  z: 252.5
  yaw: 358.81015
  pitch: 18.15001
