timestamps:
  login: 1646067976225
  logout: 1646068349844
ipAddress: 127.0.0.1
lastlocation:
  world: world
  x: -212.69999998807907
  y: 67.19531834144537
  z: 247.30000001192093
  yaw: 178.51012
  pitch: -68.832436
logoutlocation:
  world: world
  x: -113.48807509542344
  y: 68.0
  z: 38.74582823275694
  yaw: 134.86017
  pitch: 35.400013
