timestamps:
  login: 1643656365162
  lastteleport: 1643656984596
  logout: 1643657188138
ipAddress: 127.0.0.1
lastlocation:
  world: world
  x: -162.40929331630093
  y: 63.0
  z: 420.5208922578347
  yaw: 223.66028
  pitch: 13.067573
