timestamps:
  login: 1646428372603
  logout: 1646428446404
ipAddress: 127.0.0.1
lastlocation:
  world: world
  x: -222.5
  y: 70.0
  z: 253.5
  yaw: 0.0
  pitch: 0.0
logoutlocation:
  world: world
  x: -210.5
  y: 64.0
  z: 249.5
  yaw: -4.7899017
  pitch: -3.5824294
