timestamps:
  login: 1643838671609
  logout: 1643838893609
ipAddress: 127.0.0.1
lastlocation:
  world: world
  x: -212.69999998807907
  y: 67.0
  z: 247.30000001192093
  yaw: -63.589935
  pitch: -62.700012
logoutlocation:
  world: world
  x: -212.69999998807907
  y: 67.0
  z: 247.30000001192093
  yaw: -63.589935
  pitch: -62.700012
