timestamps:
  login: 1646923458555
  logout: 1646923829404
ipAddress: 127.0.0.1
lastlocation:
  world: world
  x: -207.5
  y: 69.0
  z: 246.5
  yaw: 0.0
  pitch: 0.0
logoutlocation:
  world: world
  x: -218.9352025016002
  y: 64.0
  z: -72.0774363312537
  yaw: 134.4101
  pitch: 21.75001
