timestamps:
  login: 1643732374329
  logout: 1643732390676
ipAddress: 127.0.0.1
lastlocation:
  world: world
  x: -189.5
  y: 71.0
  z: 240.5
  yaw: 0.0
  pitch: 0.0
logoutlocation:
  world: world
  x: -166.40439261868212
  y: 39.0
  z: 251.46448608911
  yaw: -348.88992
  pitch: 14.849994
