timestamps:
  login: 1646334184866
  logout: 1646334577367
  lastteleport: 1646324022318
ipAddress: 127.0.0.1
lastlocation:
  world: world
  x: -210.49250382019562
  y: 64.0
  z: 249.91426754124666
  yaw: -2.2399013
  pitch: 0.91757107
logoutlocation:
  world: world
  x: -53.30000001192093
  y: 26.0
  z: 529.6999999880791
  yaw: -206.39001
  pitch: 10.499993
