timestamps:
  login: 1643728968028
  logout: 1643729145676
ipAddress: 127.0.0.1
lastlocation:
  world: world
  x: -209.1860142968234
  y: 69.0
  z: 237.6481924620588
  yaw: 304.51013
  pitch: 17.099993
logoutlocation:
  world: world
  x: -210.5791291659576
  y: 69.58230961125521
  z: 237.30000001192093
  yaw: 304.51013
  pitch: 17.099993
