timestamps:
  login: 1647874874705
  logout: 1647875000457
ipAddress: 127.0.0.1
lastlocation:
  world: world
  x: -202.5
  y: 64.0
  z: 243.5
  yaw: 0.0
  pitch: 0.0
logoutlocation:
  world: world
  x: -210.5
  y: 67.0
  z: 252.5
  yaw: 358.66013
  pitch: 13.800009
