timestamps:
  login: 1646914985623
  logout: 1646915402870
ipAddress: 127.0.0.1
lastlocation:
  world: world
  x: -212.5
  y: 64.0
  z: 250.5
  yaw: 0.0
  pitch: 0.0
logoutlocation:
  world: world
  x: -208.30000001192093
  y: 58.0
  z: 249.3370951060275
  yaw: 230.86017
  pitch: -90.0
