timestamps:
  login: 1643729037227
  logout: 1643729030676
ipAddress: 127.0.0.1
lastlocation:
  world: world
  x: -198.5
  y: 70.0
  z: 259.5
  yaw: 0.0
  pitch: 0.0
logoutlocation:
  world: world
  x: -210.5
  y: 67.0
  z: 249.5
  yaw: 1.6600955
  pitch: 89.41758
