timestamps:
  login: 1643836927042
  logout: 1643836956510
ipAddress: 127.0.0.1
lastlocation:
  world: world
  x: -209.64384995086257
  y: 67.0
  z: 247.30000001192093
  yaw: 1.0600953
  pitch: 82.96758
logoutlocation:
  world: world
  x: -210.3046404383045
  y: 67.0
  z: 249.54926548148748
  yaw: -0.73990476
  pitch: 90.0
