timestamps:
  login: 1646398185320
  logout: 1646398574606
ipAddress: 127.0.0.1
lastlocation:
  world: world
  x: -121.6999999880791
  y: 69.0
  z: 369.69999998807907
  yaw: -52.339848
  pitch: -45.00001
logoutlocation:
  world: world
  x: -121.6999999880791
  y: 69.93612497923645
  z: 369.69999998807907
  yaw: -52.339848
  pitch: -45.00001
