timestamps:
  login: 1643728181927
ipAddress: 127.0.0.1
lastlocation:
  world: world
  x: -199.5
  y: 68.0
  z: 270.5
  yaw: 0.0
  pitch: 0.0
logoutlocation:
  world: world
  x: -210.5
  y: 67.0
  z: 249.5
  yaw: 1.6600955
  pitch: 85.36758
