timestamps:
  login: 1645544634414
  logout: 1645544542894
  lastteleport: 1645544809069
ipAddress: 127.0.0.1
lastlocation:
  world: world
  x: -210.3046404383045
  y: 67.0
  z: 249.54926548148748
  yaw: -0.5899048
  pitch: 89.41758
logoutlocation:
  world: world
  x: -103.30000001192093
  y: 63.0
  z: 260.69999998807907
  yaw: 150.76013
  pitch: 1.4999921
