timestamps:
  login: 1643732893377
  logout: 1643732953176
ipAddress: 127.0.0.1
lastlocation:
  world: world
  x: -199.5
  y: 69.0
  z: 247.5
  yaw: 0.0
  pitch: 0.0
logoutlocation:
  world: world
  x: -210.5
  y: 67.0
  z: 249.5
  yaw: -0.5899048
  pitch: 89.41758
