timestamps:
  login: 1645822303358
  logout: 1645822363015
ipAddress: 127.0.0.1
lastlocation:
  world: world
  x: -229.5
  y: 74.0
  z: 253.5
  yaw: 0.0
  pitch: 0.0
logoutlocation:
  world: world
  x: -210.41191910186893
  y: 69.0
  z: 237.33257082102315
  yaw: 59.1852
  pitch: -20.660267
