timestamps:
  login: 1646414862660
  logout: 1646412759444
ipAddress: 127.0.0.1
lastlocation:
  world: world
  x: -208.5096440034891
  y: 67.73584067272827
  z: 274.21784546034684
  yaw: -224.07155
  pitch: -62.14326
logoutlocation:
  world: world
  x: -189.52644994136216
  y: 71.0
  z: 245.57590853125714
  yaw: -74.5652
  pitch: -35.81992
