timestamps:
  login: 1646165353910
  logout: 1646165481299
ipAddress: 127.0.0.1
lastlocation:
  world: world
  x: -227.5
  y: 69.0
  z: 242.5
  yaw: 0.0
  pitch: 0.0
logoutlocation:
  world: world
  x: -71.33995007219164
  y: 72.0
  z: 266.06624701395424
  yaw: 352.06012
  pitch: 32.717575
