timestamps:
  login: 1646426976437
  logout: 1646427582507
ipAddress: 127.0.0.1
lastlocation:
  world: world
  x: -38.1188047648843
  y: 12.204999993517996
  z: 242.05681415967192
  yaw: -137.14612
  pitch: 18.90001
logoutlocation:
  world: world
  x: -210.58606670021533
  y: 64.94199995994562
  z: 250.8834114947202
  yaw: 36.610104
  pitch: 25.217571
