timestamps:
  login: 1646413396536
  logout: 1646413688373
  lastteleport: 1646408886836
ipAddress: 127.0.0.1
lastlocation:
  world: world
  x: -210.49250382019562
  y: 63.961999940872104
  z: 249.91426754124666
  yaw: -2.2399013
  pitch: 0.91757107
logoutlocation:
  world: world
  x: -744.6981077122659
  y: 58.0
  z: -719.6007646395353
  yaw: -94.94995
  pitch: 16.349993
homes:
  home:
    world: world
    x: -744.1509904123401
    y: 58.0
    z: -717.4467066796718
    yaw: 33.75009
    pitch: 54.6
afk: false
