timestamps:
  login: 1646262921558
ipAddress: 127.0.0.1
lastlocation:
  world: world
  x: -215.5
  y: 69.0
  z: 238.5
  yaw: 0.0
  pitch: 0.0
logoutlocation:
  world: world
  x: -210.5
  y: 67.0
  z: 249.5
  yaw: -1.0399011
  pitch: 0.91757107
