timestamps:
  login: 1646930576403
  logout: 1646894034797
ipAddress: 127.0.0.1
lastlocation:
  world: world
  x: -218.5
  y: 73.0
  z: 255.5
  yaw: 0.0
  pitch: 0.0
logoutlocation:
  world: world
  x: -209.66803373974727
  y: 68.0
  z: 236.30000001192093
  yaw: 294.91013
  pitch: 47.417583
