timestamps:
  login: 1648158993987
  logout: 1648158983239
  lastteleport: 1648159464343
  mute: 0
ipAddress: 127.0.0.1
lastlocation:
  world: world
  x: 2499996.0603432963
  y: 17.0
  z: 2499959.699999988
  yaw: 230.98145
  pitch: 3.5999923
logoutlocation:
  world: world
  x: 2500000.669749014
  y: 48.99423174238007
  z: 2500000.425000012
  yaw: 168.88135
  pitch: -11.850009
homes:
  home:
    world: world
    x: 2499999.65966278
    y: 63.0
    z: 2500001.011934711
    yaw: 264.58136
    pitch: 51.449997
muted: false
ban:
  reason: '§4Banned:

    §rThe Ban Hammer has spoken!'
  timeout: 0
afk: false
money: '986.0'
