timestamps:
  login: 1646255691777
  logout: 1646256010884
ipAddress: 127.0.0.1
lastlocation:
  world: world
  x: -223.5
  y: 67.0
  z: 256.5
  yaw: 0.0
  pitch: 0.0
logoutlocation:
  world: world
  x: -425.87757106739207
  y: 70.0
  z: 279.8113958585803
  yaw: 152.11023
  pitch: 26.249994
