timestamps:
  login: 1643665188673
  logout: 1643665902023
ipAddress: 127.0.0.1
lastlocation:
  world: world
  x: -194.5
  y: 68.0
  z: 269.5
  yaw: 0.0
  pitch: 0.0
logoutlocation:
  world: world
  x: -139.3186347494656
  y: 60.0
  z: 169.69999998807907
  yaw: 115.210205
  pitch: 22.049994
