timestamps:
  login: 1643650613752
  logout: 1643650676178
ipAddress: 127.0.0.1
lastlocation:
  world: world
  x: -225.5
  y: 71.0
  z: 272.5
  yaw: 0.0
  pitch: 0.0
logoutlocation:
  world: world
  x: -210.5
  y: 64.0
  z: 249.5
  yaw: -0.5899048
  pitch: 89.41758
