timestamps:
  login: 1646060848223
  logout: 1646060871633
ipAddress: 127.0.0.1
lastlocation:
  world: world
  x: -316.69999998807907
  y: 72.0
  z: 268.6573585477004
  yaw: 62.410126
  pitch: -11.9824295
logoutlocation:
  world: world
  x: -213.30000001192093
  y: 75.0
  z: 249.25460539957245
  yaw: 3.9100957
  pitch: 26.849995
