timestamps:
  login: 1646420230003
  logout: 1646420287681
ipAddress: 127.0.0.1
lastlocation:
  world: world
  x: -215.54751040382288
  y: 58.0
  z: 251.30000001192093
  yaw: -201.92743
  pitch: 61.292576
logoutlocation:
  world: world
  x: -210.49250382019562
  y: 67.0
  z: 249.91426754124666
  yaw: -2.2399013
  pitch: 0.91757107
