timestamps:
  login: 1646247635726
  logout: 1646247716781
ipAddress: 127.0.0.1
lastlocation:
  world: world
  x: -210.5
  y: 67.0
  z: 248.5
  yaw: -0.739901
  pitch: 6.617572
logoutlocation:
  world: world
  x: -210.49250382019562
  y: 67.0
  z: 249.91426754124666
  yaw: -2.2399013
  pitch: 0.91757107
