lastlocation:
  world: world
  x: -229.5
  y: 70.0
  z: 258.5
  yaw: 0.0
  pitch: 0.0
timestamps:
  login: 1646216451297
  logout: 1646216468600
ipAddress: 127.0.0.1
logoutlocation:
  world: world
  x: -210.5
  y: 67.0
  z: 248.5
  yaw: -2.2399013
  pitch: 0.91757107
