timestamps:
  login: 1643837992560
  logout: 1643838008613
ipAddress: 127.0.0.1
lastlocation:
  world: world
  x: -202.5
  y: 71.0
  z: 225.5
  yaw: 0.0
  pitch: 0.0
logoutlocation:
  world: world
  x: -210.5
  y: 67.0
  z: 249.5
  yaw: 3.7600956
  pitch: 85.66758
