timestamps:
  login: 1646170841006
  logout: 1646170974304
ipAddress: 127.0.0.1
lastlocation:
  world: world
  x: -236.5
  y: 71.0
  z: 271.5
  yaw: 0.0
  pitch: 0.0
logoutlocation:
  world: world
  x: -245.06087490406924
  y: 65.0
  z: 47.69817307079394
  yaw: 25.810158
  pitch: 8.549993
