timestamps:
  login: 1643662796020
  logout: 1643662874419
ipAddress: 127.0.0.1
lastlocation:
  world: world
  x: -208.30000001192093
  y: 67.0
  z: 252.69999998807907
  yaw: -211.93993
  pitch: 8.417571
logoutlocation:
  world: world
  x: -211.1275296731592
  y: 69.0
  z: 237.30000001192093
  yaw: -179.68993
  pitch: 9.317573
