timestamps:
  login: 1643585312938
  logout: 1643585522287
ipAddress: 127.0.0.1
lastlocation:
  world: world
  x: -175.64327588810988
  y: 72.02400150065071
  z: 286.2481441022385
  yaw: 183.46011
  pitch: 14.999993
logoutlocation:
  world: world
  x: -175.32124062447153
  y: 71.0
  z: 287.39072187086197
  yaw: 189.46011
  pitch: 15.2999935
