timestamps:
  login: 1646427465619
  logout: 1646427837422
  lastteleport: 1646422252762
ipAddress: 127.0.0.1
lastlocation:
  world: world
  x: -210.49250382019562
  y: 65.0
  z: 249.91426754124666
  yaw: -2.2399013
  pitch: 0.91757107
logoutlocation:
  world: world
  x: -392.69999998807907
  y: 8.0
  z: -773.3124376626622
  yaw: -346.2599
  pitch: 12.149991
afk: false
