timestamps:
  login: 1645390390807
  logout: 1645390405303
ipAddress: 127.0.0.1
lastlocation:
  world: world
  x: -226.5
  y: 71.0
  z: 273.5
  yaw: 0.0
  pitch: 0.0
logoutlocation:
  world: world
  x: -210.5
  y: 67.0
  z: 249.5
  yaw: -0.5899048
  pitch: 89.26758
