timestamps:
  login: 1645043480754
  logout: 1645043765352
ipAddress: 127.0.0.1
lastlocation:
  world: world
  x: -199.5
  y: 69.0
  z: 252.5
  yaw: 0.0
  pitch: 0.0
logoutlocation:
  world: world
  x: -408.69468941705077
  y: 64.0
  z: 446.1519729694221
  yaw: 0.5988986
  pitch: -18.332235
