timestamps:
  login: 1646146873966
  logout: 1646147873244
ipAddress: 127.0.0.1
lastlocation:
  world: world
  x: -188.5
  y: 70.0
  z: 224.5
  yaw: 0.0
  pitch: 0.0
logoutlocation:
  world: world
  x: -154.30000001192093
  y: 11.0
  z: 11.699999988079075
  yaw: 90.9104
  pitch: -24.149994
