timestamps:
  login: 1646153594898
  logout: 1646153656802
ipAddress: 127.0.0.1
lastlocation:
  world: world
  x: -223.5
  y: 67.0
  z: 250.5
  yaw: 0.0
  pitch: 0.0
logoutlocation:
  world: world
  x: -210.5
  y: 67.0
  z: 249.5
  yaw: 3.0100992
  pitch: 2.2675712
