timestamps:
  login: 1643645492732
  logout: 1643645928021
ipAddress: 127.0.0.1
lastlocation:
  world: world
  x: -229.5
  y: 71.0
  z: 273.5
  yaw: 0.0
  pitch: 0.0
logoutlocation:
  world: world
  x: -41.69999998807908
  y: 65.0
  z: 100.6999999880791
  yaw: 198.7602
  pitch: -55.350014
