timestamps:
  login: 1647030796095
  logout: 1647030810773
ipAddress: 127.0.0.1
lastlocation:
  world: world
  x: -198.5
  y: 70.0
  z: 257.5
  yaw: 0.0
  pitch: 0.0
logoutlocation:
  world: world
  x: -211.5
  y: 68.0
  z: 249.5
  yaw: -2.2399013
  pitch: 0.91757107
