timestamps:
  login: 1646419370266
  logout: 1646419753083
  lastteleport: 1646419801845
ipAddress: 127.0.0.1
lastlocation:
  world: world
  x: -210.49250382019562
  y: 64.0
  z: 249.91426754124666
  yaw: -1.0399011
  pitch: 20.117573
