timestamps:
  login: 1646422034294
  logout: 1646423060112
ipAddress: 127.0.0.1
lastlocation:
  world: world
  x: -210.87843783172045
  y: 58.0
  z: 246.35713873905473
  yaw: 6.910132
  pitch: 17.70001
logoutlocation:
  world: world
  x: -236.92517835927137
  y: 72.48479957514161
  z: 234.37184440533244
  yaw: 350.57898
  pitch: 7.6500087
