timestamps:
  login: 1643823319863
  logout: 1643823412672
ipAddress: 127.0.0.1
lastlocation:
  world: world
  x: -228.5
  y: 68.0
  z: 236.5
  yaw: 0.0
  pitch: 0.0
logoutlocation:
  world: world
  x: -212.69999998807907
  y: 67.0
  z: 249.41213671076608
  yaw: 43.510098
  pitch: -1.3500081
