timestamps:
  login: 1646406491771
ipAddress: 127.0.0.1
lastlocation:
  world: world
  x: -227.5
  y: 70.0
  z: 263.5
  yaw: 0.0
  pitch: 0.0
logoutlocation:
  world: world
  x: -211.30901689201065
  y: 65.0
  z: 247.70947228306113
  yaw: -26.389904
  pitch: -10.63243
