timestamps:
  login: 1643605666178
  logout: 1643605709424
ipAddress: 127.0.0.1
lastlocation:
  world: world
  x: -197.5
  y: 68.0
  z: 271.5
  yaw: 0.0
  pitch: 0.0
logoutlocation:
  world: world
  x: -205.04748300161742
  y: 68.0
  z: 246.87956475905997
  yaw: 299.41013
  pitch: 39.617577
