timestamps:
  login: 1647297656382
  logout: 1647297705079
ipAddress: 127.0.0.1
lastlocation:
  world: world
  x: -202.5
  y: 64.0
  z: 246.5
  yaw: 0.0
  pitch: 0.0
logoutlocation:
  world: world
  x: -210.5
  y: 63.0
  z: 249.5
  yaw: -2.8399014
  pitch: 0.46757102
