timestamps:
  login: 1646142292388
  logout: 1646142333188
ipAddress: 127.0.0.1
lastlocation:
  world: world
  x: -193.5
  y: 70.0
  z: 247.5
  yaw: 0.0
  pitch: 0.0
logoutlocation:
  world: world
  x: -211.5
  y: 69.0
  z: 249.5
  yaw: -5.689902
  pitch: 11.417572
