timestamps:
  login: 1646414841110
  logout: 1646336660652
ipAddress: 127.0.0.1
lastlocation:
  world: world
  x: -200.5
  y: 69.0
  z: 241.5
  yaw: 0.0
  pitch: 0.0
afk: false
logoutlocation:
  world: world
  x: -334.69999998807907
  y: 16.0
  z: 313.6165125302872
  yaw: 118.960175
  pitch: 40.349995
