timestamps:
  login: 1645653310227
  logout: 1645653561323
ipAddress: 127.0.0.1
lastlocation:
  world: world
  x: -224.5
  y: 68.0
  z: 234.5
  yaw: 0.0
  pitch: 0.0
logoutlocation:
  world: world
  x: -153.66802309048524
  y: 72.0
  z: 247.41203274558683
  yaw: 96.76019
  pitch: -90.0
