timestamps:
  login: 1646408758023
ipAddress: 127.0.0.1
lastlocation:
  world: world
  x: -235.5
  y: 71.0
  z: 257.5
  yaw: 0.0
  pitch: 0.0
logoutlocation:
  world: world
  x: -210.4073736706267
  y: 38.0
  z: 254.69999998807907
  yaw: 12.6101
  pitch: 10.817572
