timestamps:
  login: 1643824274147
  logout: 1643824513279
ipAddress: 127.0.0.1
lastlocation:
  world: world
  x: -226.5
  y: 70.0
  z: 251.5
  yaw: 0.0
  pitch: 0.0
logoutlocation:
  world: world
  x: -163.68826483011384
  y: 72.0
  z: 245.7823292554956
  yaw: 123.76013
  pitch: 6.7499924
