timestamps:
  login: 1646428384303
ipAddress: 127.0.0.1
lastlocation:
  world: world
  x: -26.53478331215851
  y: 63.41999998688698
  z: 133.0060066146465
  yaw: -317.53998
  pitch: -6.4500084
