timestamps:
  login: 1645793168267
  logout: 1645793034568
ipAddress: 127.0.0.1
lastlocation:
  world: world
  x: -195.5
  y: 69.0
  z: 248.5
  yaw: 0.0
  pitch: 0.0
logoutlocation:
  world: world
  x: -210.5
  y: 67.0
  z: 249.5
  yaw: 5.710096
  pitch: 85.81758
