timestamps:
  login: 1648078119031
  lastteleport: 1643663108789
  logout: 1648078136865
ipAddress: 127.0.0.1
lastlocation:
  world: world
  x: -210.5
  y: 65.0
  z: 249.5
  yaw: -6.8899016
  pitch: 2.117571
logoutlocation:
  world: world
  x: -210.53048390100417
  y: 67.0
  z: 252.44713075646982
  yaw: -357.7686
  pitch: 17.299055
