timestamps:
  login: 1646411472035
ipAddress: 127.0.0.1
lastlocation:
  world: world
  x: -193.5
  y: 68.0
  z: 243.5
  yaw: 0.0
  pitch: 0.0
logoutlocation:
  world: world
  x: -210.30000001192093
  y: 56.0
  z: 252.4469836299439
  yaw: -69.73991
  pitch: -0.58242905
