timestamps:
  login: 1645315241854
  logout: 1645315354253
ipAddress: 127.0.0.1
lastlocation:
  world: world
  x: -186.5
  y: 71.0
  z: 240.5
  yaw: 0.0
  pitch: 0.0
logoutlocation:
  world: world
  x: -182.4010862600603
  y: 64.0
  z: 185.06976952229292
  yaw: 172.51013
  pitch: 16.049994
