timestamps:
  login: 1646147429415
  logout: 1646147618008
ipAddress: 127.0.0.1
lastlocation:
  world: world
  x: -193.5
  y: 69.0
  z: 258.5
  yaw: 0.0
  pitch: 0.0
logoutlocation:
  world: world
  x: -57.332962298089754
  y: 22.0
  z: 196.30000001192093
  yaw: 276.4601
  pitch: 54.599995
