timestamps:
  login: 1646001706083
  logout: 1646001712366
ipAddress: 127.0.0.1
logoutlocation:
  world: world
  x: -211.5
  y: 67.0
  z: 249.5
  yaw: 0.31009898
  pitch: -5.0824294
