timestamps:
  login: 1643747775989
  lastteleport: 1643747835105
  logout: 1643748288622
ipAddress: 127.0.0.1
lastlocation:
  world: world
  x: -210.3046404383045
  y: 67.0
  z: 249.54926548148748
  yaw: -0.5899048
  pitch: 89.41758
logoutlocation:
  world: world
  x: -199.23477164739143
  y: 71.0
  z: 302.2061662660578
  yaw: 34.6604
  pitch: -32.700012
