timestamps:
  login: 1645034696583
  logout: 1645034748000
ipAddress: 127.0.0.1
lastlocation:
  world: world
  x: -218.5
  y: 73.0
  z: 255.5
  yaw: 0.0
  pitch: 0.0
logoutlocation:
  world: world
  x: -85.26902728139511
  y: 66.0
  z: 243.69999998807907
  yaw: 354.91013
  pitch: 22.649994
