timestamps:
  login: 1646424465801
  logout: 1646424576313
ipAddress: 127.0.0.1
lastlocation:
  world: world
  x: -227.5
  y: 66.0
  z: 228.5
  yaw: 0.0
  pitch: 0.0
logoutlocation:
  world: world
  x: -210.5
  y: 64.0
  z: 249.5
  yaw: -2.0899012
  pitch: 0.91757107
