timestamps:
  login: 1646249895911
  lastteleport: 1646251942985
  logout: 1646252552925
ipAddress: 127.0.0.1
lastlocation:
  world: world
  x: 110.14571683851635
  y: 8.0
  z: 380.31248920392744
  yaw: 129.38583
  pitch: 20.55001
logoutlocation:
  world: world
  x: 1021.6153656977581
  y: 49.0
  z: 290.79000081107273
  yaw: 215.25842
  pitch: 12.2999935
