timestamps:
  login: 1645647529474
  logout: 1645647673823
ipAddress: 127.0.0.1
lastlocation:
  world: world
  x: -206.5
  y: 68.0
  z: 269.5
  yaw: 0.0
  pitch: 0.0
logoutlocation:
  world: world
  x: -222.19971479156357
  y: 68.0
  z: 102.83135193345294
  yaw: 133.96011
  pitch: 12.900009
