timestamps:
  login: 1645310245773
  logout: 1645318541697
ipAddress: 127.0.0.1
lastlocation:
  world: world
  x: -297.637713648277
  y: 72.0155550727022
  z: 152.39027922873782
  yaw: 354.61023
  pitch: 32.55001
logoutlocation:
  world: world
  x: -152.30000001192096
  y: 65.0
  z: 145.30000001192093
  yaw: 74.31738
  pitch: 20.849995
