timestamps:
  login: 1646171518104
  logout: 1646171568403
ipAddress: 127.0.0.1
lastlocation:
  world: world
  x: -222.5
  y: 66.0
  z: 259.5
  yaw: 0.0
  pitch: 0.0
logoutlocation:
  world: world
  x: -269.67194015201227
  y: 76.0
  z: 202.30000001192093
  yaw: 166.3601
  pitch: 8.250009
