timestamps:
  login: 1646420120431
  logout: 1646420750181
ipAddress: 127.0.0.1
lastlocation:
  world: world
  x: -186.5
  y: 70.0
  z: 234.5
  yaw: 0.0
  pitch: 0.0
logoutlocation:
  world: world
  x: 104.62409761099637
  y: 10.0
  z: -262.00018799238444
  yaw: 167.89746
  pitch: 79.2
