timestamps:
  login: 1643819360934
  logout: 1643819430088
ipAddress: 127.0.0.1
lastlocation:
  world: world
  x: -226.5
  y: 71.0
  z: 237.5
  yaw: 0.0
  pitch: 0.0
logoutlocation:
  world: world
  x: -198.08982170618756
  y: 65.0
  z: 198.37296146324752
  yaw: 211.66013
  pitch: 11.5499935
