timestamps:
  login: 1643823486811
  logout: 1643823536955
ipAddress: 127.0.0.1
lastlocation:
  world: world
  x: -251.69999998807899
  y: 64.0
  z: 21.30000001192095
  yaw: -106.33986
  pitch: -56.850014
logoutlocation:
  world: world
  x: -210.3046404383045
  y: 67.0
  z: 249.54926548148748
  yaw: 0.3100953
  pitch: 80.86758
