timestamps:
  login: 1643644331845
  logout: 1643644397679
ipAddress: 127.0.0.1
lastlocation:
  world: world
  x: -225.5
  y: 71.0
  z: 274.5
  yaw: 0.0
  pitch: 0.0
logoutlocation:
  world: world
  x: -292.93953606674984
  y: 74.0
  z: 267.82093389900143
  yaw: 33.61017
  pitch: 5.1175723
