timestamps:
  login: 1646425247948
  logout: 1646425259819
ipAddress: 127.0.0.1
logoutlocation:
  world: world
  x: -210.5
  y: 67.0
  z: 249.5
  yaw: -2.2399013
  pitch: 0.91757107
