timestamps:
  login: 1646413433234
  lastteleport: 1646413591295
ipAddress: 127.0.0.1
lastlocation:
  world: world
  x: 165.4250723135866
  y: 83.24918707874468
  z: -389.1729720703113
  yaw: 47.16662
  pitch: 41.099995
logoutlocation:
  world: world
  x: 174.45915313564058
  y: 52.0
  z: -419.69999998807907
  yaw: -135.98334
  pitch: 34.349995
