timestamps:
  login: 1643641238343
  logout: 1643641253743
ipAddress: 127.0.0.1
lastlocation:
  world: world
  x: -209.6825988866346
  y: 67.0
  z: 252.3266009873585
  yaw: 41.5601
  pitch: 22.199993
logoutlocation:
  world: world
  x: -210.3046404383045
  y: 67.0
  z: 249.54926548148748
  yaw: -0.28990474
  pitch: 89.71758
