timestamps:
  login: 1643656134657
  logout: 1643657188138
  lastteleport: 1643656964908
ipAddress: 127.0.0.1
lastlocation:
  world: world
  x: -213.69999998807907
  y: 79.0
  z: 442.300000011921
  yaw: 36.46045
  pitch: 31.799995
logoutlocation:
  world: world
  x: -215.38716583683586
  y: 67.0
  z: 247.28821889971306
  yaw: 286.2101
  pitch: 1.2175717
