timestamps:
  login: 1646419438769
  logout: 1646419551155
ipAddress: 127.0.0.1
lastlocation:
  world: world
  x: -298.72866595175054
  y: 67.0
  z: 244.74654991405276
  yaw: -150.58992
  pitch: 36.617573
logoutlocation:
  world: world
  x: -210.07800496698476
  y: 63.961999940872104
  z: 250.52041473611936
  yaw: 272.86014
  pitch: -24.282434
