timestamps:
  login: 1643736142127
  logout: 1643736245677
ipAddress: 127.0.0.1
lastlocation:
  world: world
  x: -210.5
  y: 66.0
  z: 268.5
  yaw: 0.0
  pitch: 0.0
logoutlocation:
  world: world
  x: -207.7083419620027
  y: 72.0
  z: 326.5453391707878
  yaw: 12.910114
  pitch: -74.4
