timestamps:
  login: 1645280937580
  lastteleport: 1645283469162
  logout: 1645283704862
ipAddress: 127.0.0.1
lastlocation:
  world: world
  x: -621.4310045982829
  y: 42.0
  z: 544.3000000119209
  yaw: -94.63977
  pitch: 25.05001
logoutlocation:
  world: world
  x: -194.04783924328024
  y: 63.0
  z: 111.36761100161013
  yaw: 85.56641
  pitch: 2.0437422
