timestamps:
  login: 1645309890770
  logout: 1645309896161
ipAddress: 127.0.0.1
lastlocation:
  world: world
  x: -230.5
  y: 68.0
  z: 236.5
  yaw: 0.0
  pitch: 0.0
logoutlocation:
  world: world
  x: -210.5
  y: 67.0
  z: 249.5
  yaw: -9.889906
  pitch: 89.41758
