timestamps:
  login: 1644951681860
  logout: 1644951728235
ipAddress: 127.0.0.1
lastlocation:
  world: world
  x: -189.5
  y: 75.0
  z: 256.5
  yaw: 0.0
  pitch: 0.0
logoutlocation:
  world: world
  x: -207.27218837114447
  y: 69.0
  z: 242.01759517256957
  yaw: 10.660126
  pitch: -4.6500087
