timestamps:
  login: 1643743597449
  logout: 1643743678547
ipAddress: 127.0.0.1
lastlocation:
  world: world
  x: -196.5
  y: 70.0
  z: 236.5
  yaw: 0.0
  pitch: 0.0
logoutlocation:
  world: world
  x: -240.97868048522423
  y: 68.0
  z: 211.19353976277372
  yaw: 265.58612
  pitch: 16.782005
