timestamps:
  login: 1643746475271
  logout: 1643746588621
ipAddress: 127.0.0.1
lastlocation:
  world: world
  x: -189.5
  y: 69.0
  z: 268.5
  yaw: 0.0
  pitch: 0.0
logoutlocation:
  world: world
  x: -187.25320496512
  y: 71.0
  z: 293.30000001192093
  yaw: 133.3601
  pitch: -90.0
