timestamps:
  login: 1646072891748
  logout: 1646072928526
ipAddress: 127.0.0.1
lastlocation:
  world: world
  x: -229.5
  y: 70.0
  z: 257.5
  yaw: 0.0
  pitch: 0.0
logoutlocation:
  world: world
  x: -210.5
  y: 68.0
  z: 249.5
  yaw: -0.88990116
  pitch: -0.28242904
