timestamps:
  login: 1643641042210
  logout: 1643641064030
ipAddress: 127.0.0.1
lastlocation:
  world: world
  x: -202.5
  y: 67.0
  z: 269.5
  yaw: 0.0
  pitch: 0.0
logoutlocation:
  world: world
  x: -212.30000001192093
  y: 70.0
  z: 234.16272698230668
  yaw: 324.01016
  pitch: 9.600009
