timestamps:
  login: 1646163909364
  logout: 1646163923359
ipAddress: 127.0.0.1
lastlocation:
  world: world
  x: -194.5
  y: 70.0
  z: 245.5
  yaw: 0.0
  pitch: 0.0
logoutlocation:
  world: world
  x: -217.01164084177236
  y: 67.0
  z: 249.12946795655014
  yaw: -30.439907
  pitch: 19.667574
