timestamps:
  login: 1646171807030
  logout: 1646172190716
  lastteleport: 1646146666676
ipAddress: 127.0.0.1
lastlocation:
  world: world
  x: -210.49250382019562
  y: 67.0
  z: 249.91426754124666
  yaw: -2.2399013
  pitch: 0.91757107
logoutlocation:
  world: world
  x: -22.645514210963682
  y: 72.0
  z: -128.69999998807907
  yaw: -88.94
  pitch: 33.449993
afk: false
