timestamps:
  login: 1646254117459
  logout: 1646254610292
ipAddress: 127.0.0.1
lastlocation:
  world: world
  x: -192.40202784197805
  y: 35.0
  z: 231.30000001192093
  yaw: -244.64014
  pitch: -4.0500083
logoutlocation:
  world: world
  x: -191.69999998807907
  y: 69.0
  z: 222.30000001192093
  yaw: -197.08997
  pitch: 13.367572
