timestamps:
  login: 1645199472731
  logout: 1645199676328
ipAddress: 127.0.0.1
lastlocation:
  world: world
  x: -208.5
  y: 73.0
  z: 223.5
  yaw: 0.0
  pitch: 0.0
logoutlocation:
  world: world
  x: -345.69999998807907
  y: 68.0
  z: 59.30000001192092
  yaw: -235.48993
  pitch: 7.3499928
