timestamps:
  login: 1643660258646
  logout: 1643660265411
ipAddress: 127.0.0.1
lastlocation:
  world: world
  x: -170.82107647247636
  y: 69.83561145081742
  z: 214.76252178872252
  yaw: 5.110138
  pitch: 10.949993
logoutlocation:
  world: world
  x: -203.3962457178045
  y: 68.0
  z: 278.1111545711468
  yaw: -26.539978
  pitch: 25.799994
