timestamps:
  login: 1645639032148
  logout: 1645639060147
ipAddress: 127.0.0.1
lastlocation:
  world: world
  x: -195.5
  y: 70.0
  z: 244.5
  yaw: 0.0
  pitch: 0.0
logoutlocation:
  world: world
  x: -210.5
  y: 67.0
  z: 249.5
  yaw: -0.5899048
  pitch: 89.71758
