timestamps:
  login: 1646267667586
  logout: 1646267874230
ipAddress: 127.0.0.1
lastlocation:
  world: world
  x: -200.5
  y: 67.0
  z: 271.5
  yaw: 0.0
  pitch: 0.0
logoutlocation:
  world: world
  x: -234.3047050412713
  y: 66.0
  z: 323.065794828517
  yaw: 37.585102
  pitch: 82.5
