timestamps:
  login: 1646426473571
  logout: 1646427527915
ipAddress: 127.0.0.1
lastlocation:
  world: world
  x: -230.5
  y: 70.0
  z: 243.5
  yaw: 0.0
  pitch: 0.0
afk: false
logoutlocation:
  world: world
  x: 291.72233362117413
  y: 52.0
  z: -866.3000000119209
  yaw: 19.510986
  pitch: 13.499993
