timestamps:
  login: 1646405659507
  logout: 1646405792101
  lastteleport: 1646405525070
ipAddress: 127.0.0.1
lastlocation:
  world: world
  x: -210.55916074815548
  y: 39.0
  z: 254.839133772395
  yaw: 13.5101
  pitch: 6.7675714
logoutlocation:
  world: world
  x: -210.49250382019562
  y: 64.94199995994562
  z: 249.91426754124666
  yaw: -2.2399013
  pitch: 0.91757107
