timestamps:
  login: 1646198818840
  logout: 1646201526104
ipAddress: 127.0.0.1
lastlocation:
  world: world
  x: 20.179554686569002
  y: 50.0
  z: 359.30000001192093
  yaw: 288.02496
  pitch: -1.7464994
logoutlocation:
  world: world
  x: -210.49250382019562
  y: 69.0
  z: 249.91426754124666
  yaw: -2.2399013
  pitch: 0.91757107
