timestamps:
  login: 1647530972296
  logout: 1647531001387
ipAddress: 127.0.0.1
lastlocation:
  world: world
  x: -178.5
  y: 66.0
  z: 263.5
  yaw: 0.0
  pitch: 0.0
logoutlocation:
  world: world
  x: -210.5
  y: 65.0
  z: 249.5
  yaw: -2.2399013
  pitch: 0.91757107
afk: false
