timestamps:
  login: 1643837910953
  logout: 1643747826122
ipAddress: 127.0.0.1
lastlocation:
  world: world
  x: -229.5
  y: 70.0
  z: 262.5
  yaw: 0.0
  pitch: 0.0
logoutlocation:
  world: world
  x: -220.2952440160188
  y: 66.0
  z: 256.9839537645651
  yaw: -84.43994
  pitch: 26.117575
