timestamps:
  login: 1646266068164
  logout: 1646266085606
  lastteleport: 1646190537230
ipAddress: 127.0.0.1
lastlocation:
  world: world
  x: -196.5
  y: 70.0
  z: 232.5
  yaw: 0.0
  pitch: 0.0
logoutlocation:
  world: world
  x: -210.5
  y: 67.0
  z: 249.5
  yaw: -2.2399013
  pitch: 0.91757107
homes:
  home:
    world: world
    x: 1315.0797331029962
    y: 58.0
    z: 597.1379854595433
    yaw: 176.11029
    pitch: 14.699993
