timestamps:
  login: 1643639177080
  logout: 1643639223474
ipAddress: 127.0.0.1
lastlocation:
  world: world
  x: -227.5
  y: 68.0
  z: 240.5
  yaw: 0.0
  pitch: 0.0
logoutlocation:
  world: world
  x: -210.5
  y: 67.0
  z: 249.5
  yaw: 0.4829877
  pitch: 89.63216
