timestamps:
  login: 1646913509228
  logout: 1646915029295
  lastteleport: 1646914750956
ipAddress: 127.0.0.1
lastlocation:
  world: world
  x: -205.888188353989
  y: 58.0
  z: 254.89179917004031
  yaw: 168.31012
  pitch: 10.367572
logoutlocation:
  world: world
  x: -215.30000001192093
  y: 57.0
  z: 155.69999998807907
  yaw: -18.140015
  pitch: -3.9000084
