timestamps:
  login: 1645641753199
  logout: 1645640977647
ipAddress: 127.0.0.1
lastlocation:
  world: world
  x: -197.5
  y: 71.0
  z: 223.5
  yaw: 0.0
  pitch: 0.0
logoutlocation:
  world: world
  x: -210.5
  y: 67.0
  z: 249.5
  yaw: -0.43990478
  pitch: 88.66758
