timestamps:
  login: 1645632203730
  logout: 1645632248828
ipAddress: 127.0.0.1
logoutlocation:
  world: world
  x: -210.5
  y: 67.0
  z: 249.5
  yaw: -0.7399048
  pitch: 88.81758
