timestamps:
  login: 1646165145312
  logout: 1646165172212
ipAddress: 127.0.0.1
lastlocation:
  world: world
  x: -203.5
  y: 69.0
  z: 263.5
  yaw: 0.0
  pitch: 0.0
logoutlocation:
  world: world
  x: -211.69999998807907
  y: 66.0
  z: 249.30000001192093
  yaw: 68.560104
  pitch: 16.367573
