timestamps:
  login: 1645315162917
  logout: 1645315211754
ipAddress: 127.0.0.1
lastlocation:
  world: world
  x: -214.5
  y: 67.0
  z: 259.5
  yaw: 0.0
  pitch: 0.0
logoutlocation:
  world: world
  x: -210.5
  y: 67.0
  z: 249.5
  yaw: -0.5899048
  pitch: 89.41758
