timestamps:
  login: 1646168334264
  logout: 1646168353914
ipAddress: 127.0.0.1
lastlocation:
  world: world
  x: -207.51906733702094
  y: 67.0
  z: 255.51085609552413
  yaw: 33.3101
  pitch: 6.300009
logoutlocation:
  world: world
  x: -210.49250382019562
  y: 69.0
  z: 249.91426754124666
  yaw: -2.2399013
  pitch: 1.067571
