timestamps:
  login: 1648049601945
  logout: 1648049662441
ipAddress: 127.0.0.1
lastlocation:
  world: world
  x: -210.5
  y: 65.0
  z: 249.5
  yaw: -2.2399013
  pitch: 0.91757107
logoutlocation:
  world: world
  x: -210.53048390100417
  y: 67.0
  z: 252.44713075646982
  yaw: -357.3186
  pitch: 24.349056
