timestamps:
  login: 1647619972194
  logout: 1646323627469
ipAddress: 127.0.0.1
lastlocation:
  world: world
  x: -212.5
  y: 65.0
  z: 234.5
  yaw: 0.0
  pitch: 0.0
logoutlocation:
  world: world
  x: -210.5
  y: 67.0
  z: 252.5
  yaw: 1.5101318
  pitch: 14.400009
