timestamps:
  login: 1643594796353
  logout: 1643594964553
ipAddress: 127.0.0.1
lastlocation:
  world: world
  x: -208.30000001192093
  y: 67.0
  z: 248.84200345018087
  yaw: 66.6101
  pitch: 9.749992
logoutlocation:
  world: world
  x: -210.3046404383045
  y: 67.0
  z: 249.54926548148748
  yaw: -1.1899048
  pitch: 90.0
