timestamps:
  login: 1643656265800
  lastteleport: 1643657025584
  logout: 1643657188138
ipAddress: 127.0.0.1
lastlocation:
  world: world
  x: -201.1420421492587
  y: 73.0
  z: 446.02469579003997
  yaw: 126.01035
  pitch: 13.7999935
