timestamps:
  login: 1643741224663
  logout: 1643741229613
ipAddress: 127.0.0.1
lastlocation:
  world: world
  x: -226.5
  y: 71.0
  z: 237.5
  yaw: 0.0
  pitch: 0.0
logoutlocation:
  world: world
  x: -210.5
  y: 67.0
  z: 249.5
  yaw: 1.6600955
  pitch: 82.81758
