timestamps:
  login: 1646062987236
  lastteleport: 1646063051340
  logout: 1646063070681
ipAddress: 127.0.0.1
lastlocation:
  world: world
  x: -211.69999998807907
  y: 33.0
  z: 263.031659591248
  yaw: 242.56015
  pitch: 36.600006
logoutlocation:
  world: world
  x: -211.69999998807907
  y: 32.0
  z: 260.96275230473844
  yaw: 236.41016
  pitch: 29.700006
