timestamps:
  login: 1646244880041
  lastteleport: 1646244978858
  logout: 1646245199804
ipAddress: 127.0.0.1
lastlocation:
  world: world
  x: -210.49250382019562
  y: 67.0
  z: 249.91426754124666
  yaw: -2.2399013
  pitch: 0.91757107
homes:
  home:
    world: world
    x: -160.57224177867099
    y: 11.0
    z: 433.45527926368663
    yaw: 234.46106
    pitch: 6.9000087
logoutlocation:
  world: world
  x: -216.2561228279182
  y: 67.0
  z: 253.60034340256794
  yaw: -312.89005
  pitch: 23.699995
