timestamps:
  login: 1646428392704
ipAddress: 127.0.0.1
lastlocation:
  world: world
  x: -141.50307678895246
  y: 71.22149363870948
  z: 232.62668612586253
  yaw: 154.8103
  pitch: -0.3000081
