timestamps:
  login: 1645500303450
  logout: 1645500807949
ipAddress: 127.0.0.1
lastlocation:
  world: world
  x: -228.5
  y: 70.0
  z: 246.5
  yaw: 0.0
  pitch: 0.0
logoutlocation:
  world: world
  x: -19.0021613121505
  y: 19.0
  z: 243.94751441857633
  yaw: 191.71094
  pitch: 23.699993
