timestamps:
  login: 1643830002722
  logout: 1643830346371
ipAddress: 127.0.0.1
lastlocation:
  world: world
  x: -205.5
  y: 69.0
  z: 241.5
  yaw: 0.0
  pitch: 0.0
logoutlocation:
  world: world
  x: -155.30000001192093
  y: 63.20842715822985
  z: 40.171176328908565
  yaw: -112.63995
  pitch: 26.549994
