timestamps:
  login: 1645843997851
  lastteleport: 1645844108427
  logout: 1645844162802
ipAddress: 127.0.0.1
lastlocation:
  world: world
  x: -210.3046404383045
  y: 67.0
  z: 249.54926548148748
  yaw: -0.5899048
  pitch: 89.41758
logoutlocation:
  world: world
  x: -326.76582320392
  y: 73.0
  z: 262.6999999880792
  yaw: -331.6399
  pitch: 36.917576
