timestamps:
  login: 1646157275204
  logout: 1646157301825
ipAddress: 127.0.0.1
lastlocation:
  world: world
  x: -188.5
  y: 70.0
  z: 255.5
  yaw: 0.0
  pitch: 0.0
logoutlocation:
  world: world
  x: -210.5
  y: 56.0
  z: 249.5
  yaw: -2.2399013
  pitch: 2.5675712
