timestamps:
  login: 1646157263506
  logout: 1646157373724
ipAddress: 127.0.0.1
lastlocation:
  world: world
  x: -210.5
  y: 69.0
  z: 241.5
  yaw: 0.0
  pitch: 0.0
logoutlocation:
  world: world
  x: -214.31659204366187
  y: 58.0
  z: 250.77195166233855
  yaw: 342.31012
  pitch: -16.18243
