timestamps:
  login: 1646158406718
  logout: 1646158674019
ipAddress: 127.0.0.1
lastlocation:
  world: world
  x: -224.5
  y: 68.0
  z: 261.5
  yaw: 0.0
  pitch: 0.0
logoutlocation:
  world: world
  x: -233.16005670613333
  y: 90.0
  z: 420.9876406426955
  yaw: 290.89764
  pitch: 29.849995
