timestamps:
  login: 1643813733565
  logout: 1643813748636
ipAddress: 127.0.0.1
lastlocation:
  world: world
  x: -205.12448245896763
  y: 69.24918707874468
  z: 243.28431440996883
  yaw: 78.460144
  pitch: 5.3999925
logoutlocation:
  world: world
  x: -70.51430016186859
  y: 64.0
  z: 195.84197779253512
  yaw: 254.11012
  pitch: -89.1
