timestamps:
  login: 1646062364062
  logout: 1646062423403
ipAddress: 127.0.0.1
lastlocation:
  world: world
  x: -184.62828588166195
  y: 74.0
  z: 321.32421167924406
  yaw: 324.76013
  pitch: -3.4499922
logoutlocation:
  world: world
  x: -127.95251415634183
  y: 83.0
  z: 325.483695925719
  yaw: 89.67273
  pitch: 72.0
