timestamps:
  login: 1646071698018
ipAddress: 127.0.0.1
logoutlocation:
  world: world
  x: -217.5
  y: 66.0
  z: 264.5
  yaw: 4.2000003
  pitch: -2.7000003
lastlocation:
  world: world
  x: -217.5
  y: 66.0
  z: 264.5
  yaw: 0.0
  pitch: 0.0
