timestamps:
  login: 1646261950771
  lastteleport: 1646262764026
  logout: 1646263351087
ipAddress: 127.0.0.1
lastlocation:
  world: world
  x: -177.69999998807907
  y: 7.0
  z: 278.47285069038975
  yaw: 83.26011
  pitch: 90.0
logoutlocation:
  world: world
  x: -210.49250382019562
  y: 68.0
  z: 249.91426754124666
  yaw: 82.6601
  pitch: -90.0
