timestamps:
  login: 1645645498015
  logout: 1645645583823
ipAddress: 127.0.0.1
lastlocation:
  world: world
  x: -208.19143107081192
  y: 33.0
  z: 262.8659948576533
  yaw: -126.71008
  pitch: 79.59029
logoutlocation:
  world: world
  x: -208.23926056020355
  y: 29.0
  z: 262.2251581889292
  yaw: -126.71008
  pitch: 79.59029
