timestamps:
  login: 1646923945487
  logout: 1646924493264
ipAddress: 127.0.0.1
lastlocation:
  world: world
  x: -388.69999998807907
  y: 4.0
  z: 441.69999998807907
  yaw: 64.6601
  pitch: 74.4
logoutlocation:
  world: world
  x: -214.1663404533278
  y: 33.0
  z: 278.86917862756434
  yaw: 152.5601
  pitch: 9.317572
