timestamps:
  login: 1645822391862
  logout: 1645822559363
ipAddress: 127.0.0.1
lastlocation:
  world: world
  x: -198.5
  y: 68.0
  z: 267.5
  yaw: 0.0
  pitch: 0.0
logoutlocation:
  world: world
  x: -199.02291785702624
  y: 70.0
  z: 398.4879498227587
  yaw: 96.61031
  pitch: 71.7
