timestamps:
  login: 1647951071320
  logout: 1647951117468
ipAddress: 127.0.0.1
lastlocation:
  world: world
  x: -322.5
  y: 65.0
  z: 319.5
  yaw: 0.0
  pitch: 0.0
logoutlocation:
  world: world
  x: -210.5
  y: 67.0
  z: 252.5
  yaw: -358.06857
  pitch: 17.749056
afk: false
