timestamps:
  login: 1643644927381
  logout: 1643645557065
ipAddress: 127.0.0.1
lastlocation:
  world: world
  x: -168.0390438928076
  y: 71.0
  z: 234.87075192009218
  yaw: 72.61017
  pitch: 8.549993
logoutlocation:
  world: world
  x: -170.2111444246339
  y: 68.0
  z: 215.3276652994955
  yaw: 35.26013
  pitch: -48.432434
