timestamps:
  login: 1645232770549
  logout: 1645232774387
ipAddress: 127.0.0.1
lastlocation:
  world: world
  x: -202.5
  y: 71.0
  z: 227.5
  yaw: 0.0
  pitch: 0.0
logoutlocation:
  world: world
  x: -210.5
  y: 67.0
  z: 249.5
  yaw: 0.76009536
  pitch: 84.16758
