timestamps:
  login: 1646418375111
  logout: 1646418799569
ipAddress: 127.0.0.1
lastlocation:
  world: world
  x: -187.5
  y: 72.0
  z: 263.5
  yaw: 0.0
  pitch: 0.0
logoutlocation:
  world: world
  x: -442.846073379702
  y: 68.0
  z: 384.79624718109756
  yaw: 327.1789
  pitch: -1.8000082
