timestamps:
  login: 1646323751632
  logout: 1646323947646
  lastteleport: 1646238097701
ipAddress: 127.0.0.1
lastlocation:
  world: world
  x: -210.49250382019562
  y: 67.0
  z: 249.91426754124666
  yaw: -2.2399013
  pitch: 0.91757107
logoutlocation:
  world: world
  x: 148.24815267006755
  y: 45.0
  z: 32.051208168514
  yaw: -144.29999
  pitch: -90.0
