timestamps:
  login: 1646273855089
  lastteleport: 1646273941759
  logout: 1646273948309
ipAddress: 127.0.0.1
lastlocation:
  world: world
  x: -111.00919412467479
  y: 64.0
  z: 323.1320300321937
  yaw: -36.887184
  pitch: 55.407364
logoutlocation:
  world: world
  x: -213.1406281259389
  y: 66.0
  z: 249.54005983902007
  yaw: 88.130905
  pitch: 40.911022
