timestamps:
  login: 1643856550959
  lastteleport: 1643762343675
  logout: 1643856566110
ipAddress: 127.0.0.1
lastlocation:
  world: world
  x: -214.5
  y: 70.0
  z: 223.5
  yaw: 0.0
  pitch: 0.0
afk: false
logoutlocation:
  world: world
  x: -210.5
  y: 67.0
  z: 249.5
  yaw: -0.43990478
  pitch: 89.56758
