timestamps:
  login: 1646417474374
  logout: 1646322202890
ipAddress: 127.0.0.1
lastlocation:
  world: world
  x: -200.5
  y: 67.0
  z: 272.5
  yaw: 0.0
  pitch: 0.0
logoutlocation:
  world: world
  x: -210.5
  y: 64.0
  z: 249.5
  yaw: -1.6399013
  pitch: 0.61757106
