timestamps:
  login: 1646403377997
  logout: 1646403466422
ipAddress: 127.0.0.1
lastlocation:
  world: world
  x: -215.26867007368995
  y: 67.0
  z: 246.0993192742914
  yaw: -40.489906
  pitch: -39.149994
logoutlocation:
  world: world
  x: -210.49250382019562
  y: 67.0
  z: 249.91426754124666
  yaw: -2.2399013
  pitch: 0.91757107
