timestamps:
  login: 1647371142213
  lastteleport: 1645634700684
  logout: 1647371165364
ipAddress: 127.0.0.1
lastlocation:
  world: world
  x: -216.5
  y: 64.0
  z: 230.5
  yaw: 0.0
  pitch: 0.0
logoutlocation:
  world: world
  x: -210.5
  y: 65.0
  z: 249.5
  yaw: -4.1899014
  pitch: 4.067571
