timestamps:
  login: 1646427191621
  lastteleport: 1646428020338
  logout: 1646428617217
ipAddress: 127.0.0.1
lastlocation:
  world: world
  x: -210.49250382019562
  y: 65.0
  z: 249.91426754124666
  yaw: -2.2399013
  pitch: 0.91757107
logoutlocation:
  world: world
  x: -895.2232542297177
  y: 43.0
  z: 483.89553953092684
  yaw: 6.3103027
  pitch: 11.849993
