timestamps:
  login: 1646917005015
  logout: 1646917108515
ipAddress: 127.0.0.1
lastlocation:
  world: world
  x: -207.5
  y: 67.0
  z: 267.5
  yaw: 0.0
  pitch: 0.0
logoutlocation:
  world: world
  x: -218.30000001192093
  y: 9.0
  z: 241.69282780676448
  yaw: -208.18993
  pitch: 32.849995
