timestamps:
  login: 1643740848414
  logout: 1643741089613
ipAddress: 127.0.0.1
lastlocation:
  world: world
  x: -231.5
  y: 71.0
  z: 261.5
  yaw: 0.0
  pitch: 0.0
logoutlocation:
  world: world
  x: -106.69999998807907
  y: 64.0
  z: -5.6999999880790675
  yaw: -105.43994
  pitch: -64.20001
