timestamps:
  login: 1647528433488
  logout: 1647528453287
ipAddress: 127.0.0.1
lastlocation:
  world: world
  x: -223.5
  y: 68.0
  z: 279.5
  yaw: 0.0
  pitch: 0.0
logoutlocation:
  world: world
  x: -210.5
  y: 65.0
  z: 249.5
  yaw: -0.83697593
  pitch: -0.28493637
