timestamps:
  login: 1647520125742
  lastteleport: 1646414546858
  logout: 1647520128742
ipAddress: 127.0.0.1
lastlocation:
  world: world
  x: -182.5
  y: 68.0
  z: 249.5
  yaw: 0.0
  pitch: 0.0
logoutlocation:
  world: world
  x: -210.5
  y: 65.0
  z: 249.5
  yaw: -2.2399013
  pitch: 0.91757107
