timestamps:
  login: 1648055128715
  logout: 1648055188745
ipAddress: 127.0.0.1
lastlocation:
  world: world
  x: -207.5
  y: 75.0
  z: 338.5
  yaw: 0.0
  pitch: 0.0
logoutlocation:
  world: world
  x: -1335.2309486069846
  y: 63.0
  z: 344.46738939244443
  yaw: 75.92117
  pitch: 61.635292
