timestamps:
  login: 1646169791203
  logout: 1646169831109
ipAddress: 127.0.0.1
lastlocation:
  world: world
  x: -205.5
  y: 67.0
  z: 254.5
  yaw: 0.0
  pitch: 0.0
logoutlocation:
  world: world
  x: -210.5
  y: 67.0
  z: 248.5
  yaw: -2.6899014
  pitch: 0.76757103
