timestamps:
  login: 1646405398762
  lastteleport: 1646405628412
ipAddress: 127.0.0.1
lastlocation:
  world: world
  x: -261.7472274666287
  y: 68.02799997925757
  z: 288.69002538528173
  yaw: -54.900024
  pitch: 52.650005
logoutlocation:
  world: world
  x: -191.5
  y: 69.0
  z: 311.5
  yaw: -101.089935
  pitch: 21.617573
