timestamps:
  login: 1647282159082
  logout: 1647282284300
  lastteleport: 1647272502145
ipAddress: 127.0.0.1
lastlocation:
  world: world
  x: -201.5
  y: 68.0
  z: 274.5
  yaw: 0.0
  pitch: 0.0
logoutlocation:
  world: world
  x: -210.5
  y: 64.0
  z: 249.5
  yaw: -2.2399013
  pitch: 0.91757107
afk: false
