timestamps:
  login: 1646424206389
  logout: 1646424266550
ipAddress: 127.0.0.1
lastlocation:
  world: world
  x: -236.5
  y: 71.0
  z: 257.5
  yaw: 0.0
  pitch: 0.0
logoutlocation:
  world: world
  x: -210.5
  y: 64.0
  z: 249.5
  yaw: -4.845548
  pitch: -0.5300105
