timestamps:
  login: 1643634434037
  logout: 1643634492673
ipAddress: 127.0.0.1
lastlocation:
  world: world
  x: -216.5
  y: 63.0
  z: 274.5
  yaw: 0.0
  pitch: 0.0
logoutlocation:
  world: world
  x: -210.5
  y: 67.0
  z: 249.5
  yaw: -0.5899048
  pitch: 89.41758
