timestamps:
  login: 1646313242330
  logout: 1643816938917
ipAddress: 127.0.0.1
lastlocation:
  world: world
  x: -212.5
  y: 67.0
  z: 258.5
  yaw: 0.0
  pitch: 0.0
logoutlocation:
  world: world
  x: -23.24047863721991
  y: 63.0
  z: 165.94509121368284
  yaw: 33.61017
  pitch: 29.849995
