timestamps:
  login: 1646917354191
  logout: 1646917610046
  lastteleport: 1646917591589
ipAddress: 127.0.0.1
lastlocation:
  world: world
  x: -210.49250382019562
  y: 64.0
  z: 249.91426754124666
  yaw: -2.2399013
  pitch: 0.91757107
logoutlocation:
  world: world
  x: -186.273636737709
  y: 75.0
  z: 346.3373160269373
  yaw: 126.01012
  pitch: 8.849993
