timestamps:
  login: 1647975812178
  logout: 1647975938405
  lastteleport: 1646282676144
ipAddress: 127.0.0.1
lastlocation:
  world: world
  x: -197.5
  y: 64.0
  z: 238.5
  yaw: 0.0
  pitch: 0.0
logoutlocation:
  world: world
  x: -210.5
  y: 67.0
  z: 252.5
  yaw: 358.81015
  pitch: 18.15001
homes:
  home:
    world: world
    x: 241.15619145981594
    y: 67.0
    z: 290.6466629662672
    yaw: -170.00568
    pitch: 63.231373
afk: false
