timestamps:
  login: 1647350740238
  logout: 1647351469291
  lastteleport: 1647007181305
ipAddress: 127.0.0.1
lastlocation:
  world: world
  x: -187.5
  y: 68.0
  z: 267.5
  yaw: 0.0
  pitch: 0.0
logoutlocation:
  world: world
  x: -262.69999998807907
  y: 59.0
  z: 570.4381580422323
  yaw: -91.63995
  pitch: 54.149998
