timestamps:
  login: 1646317133886
  logout: 1646317164186
ipAddress: 127.0.0.1
lastlocation:
  world: world
  x: -227.5
  y: 67.0
  z: 232.5
  yaw: 0.0
  pitch: 0.0
logoutlocation:
  world: world
  x: -188.63321106009158
  y: 78.0
  z: 336.2830135018812
  yaw: 242.56012
  pitch: 25.05001
