timestamps:
  login: 1643661697569
  logout: 1643661701919
ipAddress: 127.0.0.1
lastlocation:
  world: world
  x: -199.5
  y: 69.0
  z: 241.5
  yaw: 0.0
  pitch: 0.0
logoutlocation:
  world: world
  x: -270.9083849258743
  y: 73.0
  z: 250.05311328200816
  yaw: -67.939995
  pitch: 19.200012
