timestamps:
  login: 1646248114650
  lastteleport: 1646249578414
ipAddress: 127.0.0.1
lastlocation:
  world: world
  x: -218.69999998807904
  y: 62.0
  z: 256.38061159734434
  yaw: 306.3852
  pitch: 18.880074
