timestamps:
  login: 1646416000923
  logout: 1646157308725
ipAddress: 127.0.0.1
lastlocation:
  world: world
  x: -230.5
  y: 70.0
  z: 265.5
  yaw: 0.0
  pitch: 0.0
logoutlocation:
  world: world
  x: -210.5
  y: 56.0
  z: 249.5
  yaw: -4.0399013
  pitch: 1.5175711
