timestamps:
  login: 1646425238603
  logout: 1646426576501
  lastteleport: 1646417561465
ipAddress: 127.0.0.1
lastlocation:
  world: world
  x: -211.00181292754255
  y: 65.0
  z: 250.30425737658936
  yaw: -2.2399013
  pitch: 0.91757107
logoutlocation:
  world: world
  x: -456.2712903167685
  y: 8.0
  z: -814.6638944287142
  yaw: 195.09106
  pitch: 0.5999934
afk: false
