timestamps:
  login: 1645413652966
  lastteleport: 1645413987364
  logout: 1645415393140
ipAddress: 127.0.0.1
lastlocation:
  world: world
  x: -210.3046404383045
  y: 67.0
  z: 249.54926548148748
  yaw: -0.5899048
  pitch: 89.41758
logoutlocation:
  world: world
  x: -245.62772075783596
  y: 76.0
  z: 459.39981599469814
  yaw: -181.33997
  pitch: -64.35001
