timestamps:
  login: 1646260109797
  logout: 1646260325517
ipAddress: 127.0.0.1
lastlocation:
  world: world
  x: -185.5
  y: 71.0
  z: 263.5
  yaw: 0.0
  pitch: 0.0
logoutlocation:
  world: world
  x: -248.3730250925794
  y: 68.0
  z: 357.7946255251811
  yaw: 353.71014
  pitch: 52.817577
