timestamps:
  login: 1643664928373
  logout: 1643666599523
  lastteleport: 1643666596829
ipAddress: 127.0.0.1
lastlocation:
  world: world
  x: -210.3046404383045
  y: 67.0
  z: 249.54926548148748
  yaw: -0.5899048
  pitch: 89.41758
logoutlocation:
  world: world
  x: -172.4371543592186
  y: 69.0
  z: 221.04068984367248
  yaw: 234.49762
  pitch: 7.368743
homes:
  home:
    world: world
    x: -95.69999998807907
    y: 14.0
    z: 55.30000001192093
    yaw: 351.57275
    pitch: 84.0
