timestamps:
  login: 1645648851024
  logout: 1645649006324
ipAddress: 127.0.0.1
lastlocation:
  world: world
  x: -208.5
  y: 64.0
  z: 263.5
  yaw: 0.0
  pitch: 0.0
logoutlocation:
  world: world
  x: -4.3479154473260415
  y: 64.0
  z: 294.681237387536
  yaw: 90.7601
  pitch: 2.9999921
