timestamps:
  login: 1645637394578
  logout: 1645637428829
ipAddress: 127.0.0.1
lastlocation:
  world: world
  x: -186.5
  y: 69.0
  z: 273.5
  yaw: 0.0
  pitch: 0.0
logoutlocation:
  world: world
  x: -211.30000001192093
  y: 51.0
  z: 74.69469026269286
  yaw: 180.61009
  pitch: 50.249996
