timestamps:
  login: 1643747030895
  logout: 1643747031364
ipAddress: 127.0.0.1
lastlocation:
  world: world
  x: -213.5
  y: 64.0
  z: 262.5
  yaw: 0.0
  pitch: 0.0
logoutlocation:
  world: world
  x: -208.81486683151405
  y: 67.0
  z: 248.1099078745119
  yaw: 346.51013
  pitch: 13.199993
