timestamps:
  login: 1646316283127
  logout: 1646316513727
ipAddress: 127.0.0.1
lastlocation:
  world: world
  x: -208.5
  y: 72.0
  z: 223.5
  yaw: 0.0
  pitch: 0.0
logoutlocation:
  world: world
  x: -356.6999999880791
  y: 56.0
  z: 351.5094440028547
  yaw: -176.23991
  pitch: 57.317577
