timestamps:
  login: 1646153852061
  logout: 1646153876411
ipAddress: 127.0.0.1
lastlocation:
  world: world
  x: -245.43582665973062
  y: 64.0
  z: 322.69999998807907
  yaw: -5.239929
  pitch: 2.8675714
logoutlocation:
  world: world
  x: -200.30000001192093
  y: 67.0
  z: 270.37513418826904
  yaw: -342.43994
  pitch: -50.399998
