timestamps:
  login: 1646420013231
  lastteleport: 1646420530120
  logout: 1646420575181
ipAddress: 127.0.0.1
lastlocation:
  world: world
  x: -210.49250382019562
  y: 65.0
  z: 249.91426754124666
  yaw: -2.2399013
  pitch: 0.91757107
logoutlocation:
  world: world
  x: -51.097672881698614
  y: 10.0
  z: 355.69999998807907
  yaw: -284.38995
  pitch: -7.800009
