timestamps:
  login: 1646334153647
  logout: 1646334458414
ipAddress: 127.0.0.1
lastlocation:
  world: world
  x: -217.36293180432023
  y: 37.0
  z: 242.69999998807907
  yaw: 195.61012
  pitch: 89.4
logoutlocation:
  world: world
  x: -21.300000011920922
  y: 74.0
  z: 277.23546100585077
  yaw: -36.43994
  pitch: 29.117573
