timestamps:
  login: 1643652571086
  logout: 1643652737670
ipAddress: 127.0.0.1
lastlocation:
  world: world
  x: -225.5
  y: 69.0
  z: 252.5
  yaw: 0.0
  pitch: 0.0
logoutlocation:
  world: world
  x: 141.81247003495972
  y: 72.0
  z: 233.30000001192093
  yaw: -336.73987
  pitch: 61.5
