timestamps:
  login: 1646929563075
  logout: 1646931014014
ipAddress: 127.0.0.1
lastlocation:
  world: world
  x: -185.5
  y: 70.0
  z: 256.5
  yaw: 0.0
  pitch: 0.0
logoutlocation:
  world: world
  x: -11.94014549247775
  y: 61.0
  z: 543.2113444630714
  yaw: -208.4527
  pitch: 63.449997
