timestamps:
  login: 1646074842861
  logout: 1646075072786
ipAddress: 127.0.0.1
lastlocation:
  world: world
  x: -209.5
  y: 75.0
  z: 251.5
  yaw: 0.0
  pitch: 0.0
logoutlocation:
  world: world
  x: -139.30000001192093
  y: 74.0
  z: 320.69999998807907
  yaw: 179.71002
  pitch: -7.200007
