timestamps:
  login: 1646417784063
  logout: 1646417862983
ipAddress: 127.0.0.1
lastlocation:
  world: world
  x: -193.5
  y: 70.0
  z: 271.5
  yaw: 0.0
  pitch: 0.0
logoutlocation:
  world: world
  x: -105.79549277980404
  y: 63.92159999847412
  z: 370.6381482385553
  yaw: -101.68991
  pitch: 14.267572
