timestamps:
  login: 1645750200016
  logout: 1645750207066
  lastteleport: 1645748196729
ipAddress: 127.0.0.1
lastlocation:
  world: world
  x: -210.3046404383045
  y: 67.0
  z: 249.54926548148748
  yaw: -0.5899048
  pitch: 89.41758
logoutlocation:
  world: world
  x: -206.93771398324225
  y: 62.0
  z: 139.25709640391955
  yaw: 186.61017
  pitch: 26.849995
