timestamps:
  login: 1643813656720
  logout: 1643814042789
ipAddress: 127.0.0.1
lastlocation:
  world: world
  x: -204.5
  y: 68.0
  z: 250.5
  yaw: 0.0
  pitch: 0.0
logoutlocation:
  world: world
  x: -51.96185641120975
  y: 65.0
  z: -72.35920177187758
  yaw: 282.92133
  pitch: 5.549993
