timestamps:
  login: 1643830458771
  logout: 1643830518871
ipAddress: 127.0.0.1
lastlocation:
  world: world
  x: -215.5
  y: 67.0
  z: 257.5
  yaw: 0.0
  pitch: 0.0
logoutlocation:
  world: world
  x: -210.5
  y: 67.0
  z: 249.5
  yaw: 4.0600953
  pitch: 84.76758
