timestamps:
  login: 1643655571884
  logout: 1643655662504
ipAddress: 127.0.0.1
lastlocation:
  world: world
  x: -210.5
  y: 68.0
  z: 243.5
  yaw: 0.0
  pitch: 0.0
logoutlocation:
  world: world
  x: -210.5
  y: 67.0
  z: 249.5
  yaw: -201.91568
  pitch: -80.87372
