timestamps:
  login: 1643852268260
  logout: 1643852353609
ipAddress: 127.0.0.1
lastlocation:
  world: world
  x: -208.5
  y: 67.0
  z: 261.5
  yaw: 0.0
  pitch: 0.0
logoutlocation:
  world: world
  x: -165.3549082798731
  y: 38.0
  z: 250.1562248407231
  yaw: 345.31012
  pitch: -61.500015
