timestamps:
  login: 1646143472713
  logout: 1646143533188
ipAddress: 127.0.0.1
lastlocation:
  world: world
  x: -196.1572968824727
  y: 70.0
  z: 311.47044948867216
  yaw: -139.78992
  pitch: 49.067574
logoutlocation:
  world: world
  x: -210.49250382019562
  y: 70.0
  z: 249.91426754124666
  yaw: -2.2399013
  pitch: 1.067571
