timestamps:
  login: 1645660254073
  logout: 1645660291326
  lastteleport: 1643843022425
ipAddress: 127.0.0.1
lastlocation:
  world: world
  x: -210.3046404383045
  y: 67.0
  z: 249.54926548148748
  yaw: -0.5899048
  pitch: 89.41758
logoutlocation:
  world: world
  x: -239.2011301173073
  y: 65.0
  z: 338.03305271624833
  yaw: 258.31085
  pitch: 31.20001
