timestamps:
  login: 1645854351797
  lastteleport: 1645758776849
  logout: 1645854355761
ipAddress: 127.0.0.1
lastlocation:
  world: world
  x: -210.3046404383045
  y: 67.0
  z: 249.54926548148748
  yaw: -0.5899048
  pitch: 89.41758
logoutlocation:
  world: world
  x: 1461.7817931133504
  y: 63.0
  z: 586.0498602844714
  yaw: 262.80145
  pitch: 28.05001
