timestamps:
  login: 1645512929855
  logout: 1645512937950
ipAddress: 127.0.0.1
lastlocation:
  world: world
  x: -232.5
  y: 69.0
  z: 237.5
  yaw: 0.0
  pitch: 0.0
logoutlocation:
  world: world
  x: -210.5
  y: 67.0
  z: 249.5
  yaw: -0.5899048
  pitch: 89.41758
