timestamps:
  login: 1645846549145
  logout: 1645846607866
ipAddress: 127.0.0.1
lastlocation:
  world: world
  x: -232.5
  y: 73.0
  z: 223.5
  yaw: 0.0
  pitch: 0.0
logoutlocation:
  world: world
  x: -161.61516741746306
  y: 68.0
  z: 65.38738358142209
  yaw: 152.4101
  pitch: 27.467575
