timestamps:
  login: 1645831546917
  logout: 1645831642217
ipAddress: 127.0.0.1
lastlocation:
  world: world
  x: -198.5
  y: 69.0
  z: 262.5
  yaw: 0.0
  pitch: 0.0
logoutlocation:
  world: world
  x: -117.8389463699323
  y: 78.0
  z: 261.0555284019058
  yaw: -186.13992
  pitch: -63.899998
