timestamps:
  login: 1646310299285
  logout: 1646310301233
ipAddress: 127.0.0.1
lastlocation:
  world: world
  x: -214.5
  y: 70.0
  z: 230.5
  yaw: 0.0
  pitch: 0.0
logoutlocation:
  world: world
  x: -210.5
  y: 67.0
  z: 249.5
  yaw: -3.1399014
  pitch: 0.76757103
