timestamps:
  login: 1646153576302
  logout: 1646153590111
ipAddress: 127.0.0.1
lastlocation:
  world: world
  x: -207.03812812795044
  y: 67.0
  z: 257.13657169603664
  yaw: 195.61017
  pitch: 34.967575
logoutlocation:
  world: world
  x: -210.49250382019562
  y: 70.0
  z: 249.91426754124666
  yaw: -9.139901
  pitch: 1.6675712
