timestamps:
  login: 1646075218510
  lastteleport: 1646075624348
  logout: 1646075696942
ipAddress: 127.0.0.1
lastlocation:
  world: world
  x: -210.49250382019562
  y: 68.0
  z: 249.91426754124666
  yaw: -2.2399013
  pitch: 0.91757107
logoutlocation:
  world: world
  x: -117.48956762647333
  y: 66.0
  z: 300.69999998807907
  yaw: 24.760036
  pitch: 6.599993
