timestamps:
  login: 1646141936988
  logout: 1646141938188
  lastteleport: 1646072025039
ipAddress: 127.0.0.1
logoutlocation:
  world: world
  x: -213.40568689737623
  y: 68.0
  z: 238.73149963872277
  yaw: 339.01013
  pitch: 26.399994
lastlocation:
  world: world
  x: -231.69999998807907
  y: 59.0
  z: 253.6999999880791
  yaw: -304.78992
  pitch: 37.96758
