timestamps:
  login: 1646399637724
  logout: 1646399640583
ipAddress: 127.0.0.1
lastlocation:
  world: world
  x: -231.5
  y: 71.0
  z: 259.5
  yaw: 0.0
  pitch: 0.0
logoutlocation:
  world: world
  x: -210.5
  y: 64.0
  z: 249.5
  yaw: -2.2399013
  pitch: 0.91757107
