timestamps:
  login: 1647482987966
  logout: 1647217538494
  lastteleport: 1647483153544
ipAddress: 127.0.0.1
lastlocation:
  world: world
  x: -210.49250382019562
  y: 64.0
  z: 249.91426754124666
  yaw: -2.2399013
  pitch: 0.91757107
logoutlocation:
  world: world
  x: -210.5
  y: 67.0
  z: 249.5
  yaw: -2.2399013
  pitch: 0.91757107
afk: false
homes:
  home:
    world: world
    x: -1046.5980116081487
    y: 66.0
    z: 1085.7938016600808
    yaw: -163.7547
    pitch: 90.0
money: '280.0'
