timestamps:
  login: 1646410241004
  lastteleport: 1646410310694
ipAddress: 127.0.0.1
lastlocation:
  world: world
  x: -216.4363797909692
  y: 53.0
  z: 247.69999998807907
  yaw: 54.760105
  pitch: 2.7175713
logoutlocation:
  world: world
  x: -210.5
  y: 64.0
  z: 249.5
  yaw: -2.2399013
  pitch: 0.91757107
