timestamps:
  login: 1648136812907
  lastteleport: 1647907493228
  logout: 1648136863354
ipAddress: 127.0.0.1
lastlocation:
  world: world
  x: -210.53048390100417
  y: 67.0
  z: 252.44713075646982
  yaw: -357.7686
  pitch: 17.299055
logoutlocation:
  world: world
  x: 242.3089820986942
  y: 42.0
  z: 879.7119615506292
  yaw: 138.38208
  pitch: 12.899991
homes:
  home:
    world: world
    x: 241.39531514156394
    y: 42.0
    z: 889.3349095254245
    yaw: 275.03195
    pitch: 16.199993
afk: false
money: '0'
