timestamps:
  login: 1647564710128
  logout: 1647564723828
ipAddress: 127.0.0.1
lastlocation:
  world: world
  x: -228.5
  y: 64.0
  z: 253.5
  yaw: 0.0
  pitch: 0.0
logoutlocation:
  world: world
  x: -210.5
  y: 66.0
  z: 249.5
  yaw: -2.2399013
  pitch: 2.7175713
