timestamps:
  login: 1643637806836
  logout: 1643638217383
ipAddress: 127.0.0.1
lastlocation:
  world: world
  x: -201.5
  y: 69.0
  z: 262.5
  yaw: 0.0
  pitch: 0.0
logoutlocation:
  world: world
  x: -176.30000001192093
  y: 56.0
  z: 325.3840343350853
  yaw: 23.260132
  pitch: -89.40002
