timestamps:
  login: 1646915484273
  logout: 1646915874019
ipAddress: 127.0.0.1
lastlocation:
  world: world
  x: -193.5
  y: 70.0
  z: 234.5
  yaw: 0.0
  pitch: 0.0
logoutlocation:
  world: world
  x: -334.699999988079
  y: 67.0
  z: 350.30000001192093
  yaw: -358.03998
  pitch: -77.4
