timestamps:
  login: 1646427063132
  logout: 1646421230766
  lastteleport: 1646428581742
ipAddress: 127.0.0.1
lastlocation:
  world: world
  x: -210.49250382019562
  y: 65.0
  z: 249.91426754124666
  yaw: -9.139902
  pitch: 4.8175716
logoutlocation:
  world: world
  x: -563.3486172525209
  y: 56.0
  z: 288.69999998807907
  yaw: -218.53967
  pitch: -9.300006
