timestamps:
  login: 1645814414613
  logout: 1645814443512
ipAddress: 127.0.0.1
lastlocation:
  world: world
  x: -188.5
  y: 70.0
  z: 265.5
  yaw: 0.0
  pitch: 0.0
logoutlocation:
  world: world
  x: -208.30000001192093
  y: 67.0
  z: 252.69999998807907
  yaw: -157.33992
  pitch: -90.0
