timestamps:
  login: 1646146377066
  logout: 1646146965966
ipAddress: 127.0.0.1
lastlocation:
  world: world
  x: -198.5
  y: 71.0
  z: 227.5
  yaw: 0.0
  pitch: 0.0
logoutlocation:
  world: world
  x: -354.5292273646584
  y: 39.0
  z: -145.5183824609346
  yaw: -267.87115
  pitch: 26.249992
