timestamps:
  login: 1646169605905
  logout: 1646170196844
ipAddress: 127.0.0.1
lastlocation:
  world: world
  x: -234.5
  y: 71.0
  z: 259.5
  yaw: 0.0
  pitch: 0.0
logoutlocation:
  world: world
  x: -277.300000011921
  y: 17.0
  z: 250.33600828623918
  yaw: 67.54764
  pitch: 21.84376
