timestamps:
  login: 1646248688765
  lastteleport: 1646248898622
ipAddress: 127.0.0.1
lastlocation:
  world: world
  x: -209.6743363559422
  y: 70.9140114523433
  z: 250.9399501618471
  yaw: -9.589902
  pitch: 13.667572
