timestamps:
  login: 1646331629766
  lastteleport: 1646331755442
  logout: 1646331804916
ipAddress: 127.0.0.1
lastlocation:
  world: world
  x: -209.61703913186304
  y: 64.0
  z: 249.89927518377874
  yaw: -2.2399013
  pitch: 0.91757107
logoutlocation:
  world: world
  x: -193.69999998807907
  y: 61.0
  z: 150.40861067703162
  yaw: 69.30001
  pitch: 16.050001
