timestamps:
  login: 1646397785865
  logout: 1646397904481
ipAddress: 127.0.0.1
lastlocation:
  world: world
  x: -205.5
  y: 68.0
  z: 263.5
  yaw: 0.0
  pitch: 0.0
logoutlocation:
  world: world
  x: -125.46200462163299
  y: 72.0
  z: 245.22355980711438
  yaw: -93.915375
  pitch: 47.48289
