timestamps:
  login: 1646429302849
  logout: 1646428249751
ipAddress: 127.0.0.1
lastlocation:
  world: world
  x: -236.5
  y: 71.0
  z: 251.5
  yaw: 0.0
  pitch: 0.0
logoutlocation:
  world: world
  x: -216.39642253184158
  y: 65.0
  z: 249.93599775757164
  yaw: 13.5101
  pitch: -12.282431
