timestamps:
  login: 1645791916266
  logout: 1645791974567
ipAddress: 127.0.0.1
lastlocation:
  world: world
  x: -229.5
  y: 72.0
  z: 226.5
  yaw: 0.0
  pitch: 0.0
logoutlocation:
  world: world
  x: -210.5
  y: 67.0
  z: 249.5
  yaw: 1.2100954
  pitch: 83.867584
