timestamps:
  login: 1645046892566
  logout: 1645047636640
ipAddress: 127.0.0.1
lastlocation:
  world: world
  x: -164.08674250394319
  y: 7.51871875
  z: 411.45710902907655
  yaw: -63.58991
  pitch: -4.4999924
logoutlocation:
  world: world
  x: -222.73420536097555
  y: 72.0
  z: 167.57389146113476
  yaw: 91.51013
  pitch: 34.950012
