timestamps:
  login: 1643756956943
  logout: 1643757075042
ipAddress: 127.0.0.1
lastlocation:
  world: world
  x: -212.5
  y: 74.0
  z: 254.5
  yaw: 0.0
  pitch: 0.0
logoutlocation:
  world: world
  x: -312.2319693233268
  y: 10.0
  z: 190.6398554025937
  yaw: 272.86017
  pitch: 24.317574
