timestamps:
  login: 1646332474347
  logout: 1646332534085
ipAddress: 127.0.0.1
lastlocation:
  world: world
  x: -205.5
  y: 70.0
  z: 225.5
  yaw: 0.0
  pitch: 0.0
logoutlocation:
  world: world
  x: -210.5
  y: 64.0
  z: 249.5
  yaw: -0.13990112
  pitch: 4.9675713
