timestamps:
  login: 1647309150579
  logout: 1647309155080
  lastteleport: 1645842703143
ipAddress: 127.0.0.1
lastlocation:
  world: world
  x: -225.5
  y: 64.0
  z: 253.5
  yaw: 0.0
  pitch: 0.0
logoutlocation:
  world: world
  x: -211.5
  y: 67.0
  z: 249.5
  yaw: -2.2399013
  pitch: 0.91757107
homes:
  home:
    world: world
    x: -711.5
    y: 65.0
    z: 386.5
    yaw: -7.4838147
    pitch: 2.7088315
