timestamps:
  login: 1646429095021
  logout: 1646429152019
ipAddress: 127.0.0.1
lastlocation:
  world: world
  x: -186.5
  y: 69.0
  z: 262.5
  yaw: 0.0
  pitch: 0.0
logoutlocation:
  world: world
  x: -86.87597088238188
  y: 62.0
  z: 237.69999998807907
  yaw: 271.36014
  pitch: 27.317574
