timestamps:
  login: 1643742025917
  logout: 1643742792114
ipAddress: 127.0.0.1
lastlocation:
  world: world
  x: -235.96386400709724
  y: 15.0
  z: 190.30000001192093
  yaw: 90.1601
  pitch: 44.999996
logoutlocation:
  world: world
  x: 23.141187597501983
  y: 64.0
  z: 53.15753998103838
  yaw: -88.33997
  pitch: 3.1499922
