timestamps:
  login: 1646428073147
  logout: 1646428801528
ipAddress: 127.0.0.1
lastlocation:
  world: world
  x: -232.5
  y: 68.0
  z: 229.5
  yaw: 0.0
  pitch: 0.0
logoutlocation:
  world: world
  x: -76.7382854087557
  y: 63.015625
  z: 441.3355802781937
  yaw: 32.03528
  pitch: 44.849995
