timestamps:
  login: 1646163934758
  logout: 1646163958358
  lastteleport: 1643773633100
ipAddress: 127.0.0.1
lastlocation:
  world: world
  x: -210.34317414160134
  y: 68.0
  z: 247.30000001192093
  yaw: -1.3399049
  pitch: 87.46758
logoutlocation:
  world: world
  x: -210.49250382019562
  y: 70.0
  z: 249.91426754124666
  yaw: -2.2399013
  pitch: 0.91757107
