timestamps:
  login: 1643657227876
  logout: 1643657188138
ipAddress: 127.0.0.1
lastlocation:
  world: world
  x: -213.5
  y: 69.0
  z: 241.5
  yaw: 0.0
  pitch: 0.0
logoutlocation:
  world: world
  x: -354.5478993574957
  y: 62.0
  z: 378.30000001192093
  yaw: -207.73993
  pitch: 47.249996
