timestamps:
  login: 1646194465768
  lastteleport: 1646194501159
  logout: 1646194610624
ipAddress: 127.0.0.1
lastlocation:
  world: world
  x: -681.6999999880791
  y: 9.990437468707562
  z: -218.69999998807907
  yaw: -2.2501905
  pitch: 73.95
logoutlocation:
  world: world
  x: -210.49250382019562
  y: 69.0
  z: 249.91426754124666
  yaw: -2.2399013
  pitch: 0.91757107
