timestamps:
  login: 1644804590235
  logout: 1644804946684
ipAddress: 127.0.0.1
lastlocation:
  world: world
  x: -209.59343138592362
  y: 67.0
  z: 251.01058670110774
  yaw: 316.3059
  pitch: 10.503637
logoutlocation:
  world: world
  x: -194.44319914780255
  y: 16.0
  z: 348.7688448398712
  yaw: 135.97192
  pitch: -59.64627
