timestamps:
  login: 1646268562348
  lastteleport: 1646268617700
  logout: 1646268743586
ipAddress: 127.0.0.1
lastlocation:
  world: world
  x: -222.69999998807907
  y: 67.0
  z: 278.300000011921
  yaw: -46.944416
  pitch: 23.67996
logoutlocation:
  world: world
  x: -210.49250382019562
  y: 68.0
  z: 249.91426754124666
  yaw: -2.2399013
  pitch: 4.198636
