timestamps:
  login: 1646323712165
  logout: 1646327117921
ipAddress: 127.0.0.1
lastlocation:
  world: world
  x: -202.5
  y: 69.0
  z: 264.5
  yaw: 0.0
  pitch: 0.0
logoutlocation:
  world: world
  x: 41.735910164291134
  y: 63.0
  z: 668.5978408925558
  yaw: -54.13983
  pitch: 12.899993
