timestamps:
  login: 1643664672523
  logout: 1643664722023
ipAddress: 127.0.0.1
lastlocation:
  world: world
  x: -218.5
  y: 67.0
  z: 248.5
  yaw: 0.0
  pitch: 0.0
logoutlocation:
  world: world
  x: -210.5
  y: 67.0
  z: 249.5
  yaw: -2.586548
  pitch: 87.42094
