timestamps:
  login: 1646249949000
  logout: 1646250045145
ipAddress: 127.0.0.1
lastlocation:
  world: world
  x: -213.5
  y: 64.0
  z: 264.5
  yaw: 0.0
  pitch: 0.0
logoutlocation:
  world: world
  x: -256.5115677311826
  y: 69.0
  z: 341.02097274630273
  yaw: 92.26011
  pitch: 17.417572
