timestamps:
  login: 1646409454780
  logout: 1646406078991
  lastteleport: 1646405820847
ipAddress: 127.0.0.1
lastlocation:
  world: world
  x: -210.49250382019562
  y: 65.0
  z: 249.91426754124666
  yaw: -2.2399013
  pitch: 0.91757107
logoutlocation:
  world: world
  x: -44.68878687173216
  y: 84.0
  z: 266.50888090837947
  yaw: -192.34619
  pitch: -66.45001
