timestamps:
  login: 1646074215430
  logout: 1646074375875
ipAddress: 127.0.0.1
lastlocation:
  world: world
  x: -231.5
  y: 71.0
  z: 261.5
  yaw: 0.0
  pitch: 0.0
logoutlocation:
  world: world
  x: -107.19827117501144
  y: 66.0
  z: 145.53607339163244
  yaw: -281.38992
  pitch: 38.267574
