timestamps:
  login: 1646080823614
  lastteleport: 1646080358376
  logout: 1646080965821
ipAddress: 127.0.0.1
lastlocation:
  world: world
  x: 2725.699999988079
  y: 64.0
  z: 1892.3977035612293
  yaw: 277.7011
  pitch: 19.949993
logoutlocation:
  world: world
  x: -203.76249998807907
  y: 26.0
  z: 394.30000001192093
  yaw: 42.75946
  pitch: 22.50001
afk: false
homes:
  home:
    world: world
    x: 2724.24737894626
    y: 64.0
    z: 1891.9864044076187
    yaw: 187.85106
    pitch: 14.399993
money: '138.0'
