timestamps:
  login: 1646931051686
  logout: 1646931146346
ipAddress: 127.0.0.1
lastlocation:
  world: world
  x: -217.5
  y: 58.0
  z: 249.5
  yaw: 0.0
  pitch: 0.0
logoutlocation:
  world: world
  x: -210.5
  y: 65.0
  z: 249.5
  yaw: -4.180303
  pitch: -6.682335
