timestamps:
  login: 1646076648974
  logout: 1646076800307
ipAddress: 127.0.0.1
lastlocation:
  world: world
  x: -203.5
  y: 68.0
  z: 245.5
  yaw: 0.0
  pitch: 0.0
logoutlocation:
  world: world
  x: -210.5
  y: 68.0
  z: 249.5
  yaw: -2.2399013
  pitch: 0.91757107
