timestamps:
  login: 1643828554571
  logout: 1643828718872
ipAddress: 127.0.0.1
lastlocation:
  world: world
  x: -199.5
  y: 70.0
  z: 235.5
  yaw: 0.0
  pitch: 0.0
logoutlocation:
  world: world
  x: -331.4950099342419
  y: 62.0
  z: 370.69999998807907
  yaw: 80.41015
  pitch: -16.78243
