timestamps:
  login: 1646266072818
  logout: 1646268280721
ipAddress: 127.0.0.1
lastlocation:
  world: world
  x: -371.69999998807907
  y: 69.0
  z: 163.52505415743468
  yaw: 94.210205
  pitch: 90.0
logoutlocation:
  world: world
  x: -213.9803116080663
  y: 64.0
  z: 54.52893873443125
  yaw: -132.13991
  pitch: 36.449997
