timestamps:
  login: 1645841044080
  logout: 1645841102730
ipAddress: 127.0.0.1
lastlocation:
  world: world
  x: -204.5
  y: 70.0
  z: 224.5
  yaw: 0.0
  pitch: 0.0
logoutlocation:
  world: world
  x: -210.5
  y: 67.0
  z: 249.5
  yaw: 0.76009536
  pitch: 84.76758
