timestamps:
  login: 1646421660120
  logout: 1646421721678
ipAddress: 127.0.0.1
lastlocation:
  world: world
  x: -221.5
  y: 69.0
  z: 240.5
  yaw: 0.0
  pitch: 0.0
logoutlocation:
  world: world
  x: -210.5
  y: 64.0
  z: 249.5
  yaw: -2.0899012
  pitch: 0.91757107
