timestamps:
  login: 1643824671215
  logout: 1643824922532
ipAddress: 127.0.0.1
lastlocation:
  world: world
  x: -208.30000001192093
  y: 67.55321338701523
  z: 249.22713019593186
  yaw: -58.205795
  pitch: 7.3952355
logoutlocation:
  world: world
  x: -177.57703680837616
  y: 66.0
  z: 193.8209138498916
  yaw: -78.09547
  pitch: 24.684881
