timestamps:
  login: 1643818965924
  logout: 1643819064775
ipAddress: 127.0.0.1
lastlocation:
  world: world
  x: -230.5
  y: 74.0
  z: 250.5
  yaw: 0.0
  pitch: 0.0
logoutlocation:
  world: world
  x: -190.30000001192093
  y: 71.0
  z: 241.0550086952395
  yaw: -104.34009
  pitch: 51.50386
