timestamps:
  login: 1645812339355
  logout: 1645812643512
ipAddress: 127.0.0.1
lastlocation:
  world: world
  x: -202.5
  y: 69.0
  z: 260.5
  yaw: 0.0
  pitch: 0.0
logoutlocation:
  world: world
  x: -112.69999998807906
  y: 11.0
  z: 102.77537354415539
  yaw: -311.0901
  pitch: 34.049995
