timestamps:
  login: 1646229514052
  logout: 1646229572251
ipAddress: 127.0.0.1
lastlocation:
  world: world
  x: -420.4203333191732
  y: 68.0
  z: 260.02999404485865
  yaw: -108.73999
  pitch: 16.20001
logoutlocation:
  world: world
  x: -222.84629286140648
  y: 65.0
  z: 209.79468505763654
  yaw: 105.46011
  pitch: 44.267574
