timestamps:
  login: 1646413866087
  logout: 1646407727582
  lastteleport: 1646414343083
ipAddress: 127.0.0.1
lastlocation:
  world: world
  x: -210.49250382019562
  y: 63.961999940872104
  z: 249.91426754124666
  yaw: -18.289904
  pitch: -7.0324297
logoutlocation:
  world: world
  x: -963.4149692421365
  y: 71.0
  z: 248.63698490097377
  yaw: 203.5245
  pitch: 2.3999922
afk: false
