timestamps:
  login: 1646268671532
  logout: 1646268675586
ipAddress: 127.0.0.1
lastlocation:
  world: world
  x: -220.5
  y: 66.0
  z: 243.5
  yaw: 0.0
  pitch: 0.0
logoutlocation:
  world: world
  x: -210.5
  y: 67.0
  z: 249.5
  yaw: -2.2399013
  pitch: 0.76757103
