timestamps:
  login: 1645646101576
  logout: 1645646091323
ipAddress: 127.0.0.1
lastlocation:
  world: world
  x: -234.5
  y: 76.0
  z: 243.5
  yaw: 0.0
  pitch: 0.0
logoutlocation:
  world: world
  x: -203.79353995799605
  y: 69.0
  z: 240.50832564368562
  yaw: -138.13992
  pitch: 16.199993
