timestamps:
  login: 1646409680722
ipAddress: 127.0.0.1
lastlocation:
  world: world
  x: -198.5
  y: 67.0
  z: 253.5
  yaw: 0.0
  pitch: 0.0
logoutlocation:
  world: world
  x: -210.5
  y: 64.0
  z: 249.5
  yaw: -2.2399013
  pitch: 0.91757107
