timestamps:
  login: 1644877426397
  logout: 1644877427697
ipAddress: 127.0.0.1
lastlocation:
  world: world
  x: -208.84313287904328
  y: 67.0
  z: 247.44502524558246
  yaw: 93.460106
  pitch: 7.7999926
logoutlocation:
  world: world
  x: -204.05988699249684
  y: 69.0
  z: 237.98254668720656
  yaw: 44.410126
  pitch: 18.149994
