timestamps:
  login: 1644877458547
  lastteleport: 1644877792859
  logout: 1644877802697
ipAddress: 127.0.0.1
lastlocation:
  world: world
  x: -205.87746456555593
  y: 63.10408037809304
  z: 128.09086225008207
  yaw: -307.03998
  pitch: 21.299995
logoutlocation:
  world: world
  x: -202.26131967173805
  y: 62.0
  z: 127.4265731560694
  yaw: -304.63998
  pitch: 17.399994
