timestamps:
  login: 1643828360322
  logout: 1643829773871
ipAddress: 127.0.0.1
lastlocation:
  world: world
  x: -156.5622319722797
  y: 75.0
  z: 143.32112463385232
  yaw: 24.310097
  pitch: 49.799995
logoutlocation:
  world: world
  x: -156.5622319722797
  y: 75.0
  z: 143.32891554679728
  yaw: 23.560097
  pitch: 45.299995
