timestamps:
  login: 1647986405321
  lastteleport: 1646335102410
  logout: 1647986431103
ipAddress: 127.0.0.1
lastlocation:
  world: world
  x: -210.5
  y: 69.0
  z: 268.5
  yaw: 0.0
  pitch: 0.0
logoutlocation:
  world: world
  x: -210.5
  y: 66.0
  z: 249.5
  yaw: -2.2399013
  pitch: 0.91757107
afk: false
homes:
  home:
    world: world
    x: -3211.2435758591682
    y: 64.0
    z: 860.4250000119209
    yaw: -5.84375
    pitch: 16.267206
