timestamps:
  login: 1643660103346
  logout: 1643660135246
ipAddress: 127.0.0.1
lastlocation:
  world: world
  x: -204.5
  y: 69.0
  z: 237.5
  yaw: 0.0
  pitch: 0.0
logoutlocation:
  world: world
  x: -210.5
  y: 67.0
  z: 249.5
  yaw: -1.6399049
  pitch: 87.31758
