timestamps:
  login: 1645765709267
  logout: 1645765859566
ipAddress: 127.0.0.1
lastlocation:
  world: world
  x: -213.5
  y: 67.0
  z: 260.5
  yaw: 0.0
  pitch: 0.0
logoutlocation:
  world: world
  x: -212.9781080067952
  y: 69.0
  z: 237.2068579750719
  yaw: -140.38992
  pitch: -4.6499925
