timestamps:
  login: 1646139476388
ipAddress: 127.0.0.1
lastlocation:
  world: world
  x: -225.5
  y: 73.0
  z: 238.5
  yaw: 0.0
  pitch: 0.0
logoutlocation:
  world: world
  x: -211.5
  y: 69.0
  z: 249.5
  yaw: -2.2399013
  pitch: 0.91757107
