timestamps:
  login: 1646139975089
  logout: 1646139980688
ipAddress: 127.0.0.1
lastlocation:
  world: world
  x: -218.5
  y: 66.0
  z: 262.5
  yaw: 0.0
  pitch: 0.0
logoutlocation:
  world: world
  x: -211.5
  y: 69.0
  z: 249.5
  yaw: -2.2399013
  pitch: 0.91757107
