timestamps:
  login: 1646931497866
  logout: 1646931823013
  lastteleport: 1646931798761
ipAddress: 127.0.0.1
lastlocation:
  world: world
  x: -207.73948854980966
  y: 58.0
  z: 252.42302675663944
  yaw: -64.9399
  pitch: 14.117572
logoutlocation:
  world: world
  x: -185.1891993617857
  y: 70.0
  z: 233.59007245972097
  yaw: -109.93991
  pitch: 28.349995
homes:
  home:
    world: world
    x: -210.49250382019562
    y: 68.0
    z: 249.91426754124666
    yaw: -2.0899012
    pitch: 0.91757107
