timestamps:
  login: 1645805049190
  logout: 1645804838622
ipAddress: 127.0.0.1
lastlocation:
  world: world
  x: -203.5
  y: 71.0
  z: 227.5
  yaw: 0.0
  pitch: 0.0
logoutlocation:
  world: world
  x: -211.00806869757335
  y: 69.0
  z: 240.42415820694922
  yaw: 359.86014
  pitch: 27.749994
