timestamps:
  login: 1646139406488
  logout: 1646139410688
ipAddress: 127.0.0.1
lastlocation:
  world: world
  x: -188.5
  y: 69.0
  z: 228.5
  yaw: 0.0
  pitch: 0.0
logoutlocation:
  world: world
  x: -210.33511018465774
  y: 66.0
  z: 255.30000001192096
  yaw: 175.81012
  pitch: -13.782431
