timestamps:
  login: 1646103923195
  logout: 1646103929027
ipAddress: 127.0.0.1
lastlocation:
  world: world
  x: -212.5
  y: 64.0
  z: 263.5
  yaw: 0.0
  pitch: 0.0
logoutlocation:
  world: world
  x: -211.5
  y: 69.0
  z: 249.5
  yaw: -4.3399014
  pitch: 3.6175714
