timestamps:
  login: 1646158976403
  logout: 1646158988199
ipAddress: 127.0.0.1
lastlocation:
  world: world
  x: -187.5
  y: 71.0
  z: 238.5
  yaw: 0.0
  pitch: 0.0
logoutlocation:
  world: world
  x: -210.5
  y: 67.0
  z: 249.5
  yaw: -5.689902
  pitch: 6.9175715
