timestamps:
  login: 1647795715974
  lastteleport: 1647795403797
  logout: 1647795886072
ipAddress: 127.0.0.1
lastlocation:
  world: world
  x: -144.9968318596461
  y: 64.0
  z: 178.73016744755898
  yaw: -92.418564
  pitch: 18.499056
logoutlocation:
  world: world
  x: -213.61139529882593
  y: 65.0
  z: 233.4771458978278
  yaw: 231.6
  pitch: 29.250004
afk: false
