timestamps:
  login: 1645119705127
  lastteleport: 1645114708959
  logout: 1645119785672
ipAddress: 127.0.0.1
lastlocation:
  world: world
  x: -181.79693463248077
  y: 69.0
  z: 387.69999998807907
  yaw: 74.11019
  pitch: -9.750009
homes:
  home:
    world: world
    x: -186.69999998807907
    y: 75.0
    z: 389.30000001192093
    yaw: 336.01013
    pitch: 64.65
logoutlocation:
  world: world
  x: -186.69999998807907
  y: 75.5
  z: 390.30000001192093
  yaw: 88.51022
  pitch: 58.8
