timestamps:
  login: 1645812707263
  logout: 1645812758572
ipAddress: 127.0.0.1
lastlocation:
  world: world
  x: -154.01379035598544
  y: 71.5
  z: 298.34558370024024
  yaw: 74.86023
  pitch: 14.849994
logoutlocation:
  world: world
  x: -221.39131067085887
  y: 17.0
  z: 265.20657421944236
  yaw: 301.66013
  pitch: -5.8500085
