timestamps:
  login: 1643838831959
  lastteleport: 1643841221571
  logout: 1643841238609
ipAddress: 127.0.0.1
lastlocation:
  world: world
  x: -271.56931040794836
  y: 73.0
  z: 244.7018303649218
  yaw: -10.465081
  pitch: 36.02027
logoutlocation:
  world: world
  x: -210.3046404383045
  y: 67.0
  z: 249.54926548148748
  yaw: -0.5899048
  pitch: 88.27716
