timestamps:
  login: 1645635382728
  logout: 1645635431328
ipAddress: 127.0.0.1
lastlocation:
  world: world
  x: -186.5
  y: 69.0
  z: 270.5
  yaw: 0.0
  pitch: 0.0
logoutlocation:
  world: world
  x: -193.79444945143138
  y: 71.0
  z: 277.30000001192093
  yaw: 183.01012
  pitch: 8.549993
