timestamps:
  login: 1646408040111
  logout: 1646407405823
ipAddress: 127.0.0.1
lastlocation:
  world: world
  x: -214.5
  y: 65.0
  z: 247.5
  yaw: 0.0
  pitch: 0.0
logoutlocation:
  world: world
  x: -213.5094585532044
  y: 56.0
  z: 247.69999998807907
  yaw: -28.939903
  pitch: -34.649994
