timestamps:
  login: 1643655356182
  lastteleport: 1643649824419
  logout: 1643655381275
ipAddress: 127.0.0.1
lastlocation:
  world: world
  x: -199.5
  y: 67.0
  z: 240.5
  yaw: 0.0
  pitch: 0.0
logoutlocation:
  world: world
  x: -210.5
  y: 67.0
  z: 249.5
  yaw: -0.43990478
  pitch: 89.41758
