timestamps:
  login: 1645803313469
  logout: 1645803372515
ipAddress: 127.0.0.1
lastlocation:
  world: world
  x: -223.5
  y: 71.0
  z: 274.5
  yaw: 0.0
  pitch: 0.0
logoutlocation:
  world: world
  x: -210.5
  y: 67.0
  z: 249.5
  yaw: -0.5899048
  pitch: 87.16758
