timestamps:
  login: 1646404828386
ipAddress: 127.0.0.1
lastlocation:
  world: world
  x: -232.5
  y: 67.0
  z: 225.5
  yaw: 0.0
  pitch: 0.0
logoutlocation:
  world: world
  x: -209.30865709601233
  y: 58.0
  z: 267.69999998807907
  yaw: 66.0101
  pitch: 18.017572
