timestamps:
  login: 1646414633691
  logout: 1646335525586
ipAddress: 127.0.0.1
logoutlocation:
  world: world
  x: -142.7385111384482
  y: 72.0
  z: 266.7300848538414
  yaw: 44.56012
  pitch: 32.849995
lastlocation:
  world: world
  x: -132.8534896135793
  y: 11.0
  z: 374.3457379391313
  yaw: -318.7025
  pitch: 2.3999922
