timestamps:
  login: 1646910359097
  lastteleport: 1646261016649
  logout: 1646910362297
ipAddress: 127.0.0.1
lastlocation:
  world: world
  x: -210.41097537118455
  y: 39.0
  z: 254.8594174616013
  yaw: -2.2399013
  pitch: 0.91757107
logoutlocation:
  world: world
  x: -210.49250382019562
  y: 67.0
  z: 249.91426754124666
  yaw: -2.2399013
  pitch: 0.91757107
homes:
  home:
    world: world
    x: 1423.300000011921
    y: 17.0
    z: 904.046271052768
    yaw: -89.50556
    pitch: 13.395474
afk: false
