timestamps:
  login: 1643860401442
  logout: 1643860396109
ipAddress: 127.0.0.1
lastlocation:
  world: world
  x: -181.46646746219903
  y: 69.0
  z: 298.53223033540974
  yaw: 347.86014
  pitch: 8.250009
logoutlocation:
  world: world
  x: -198.90201952405346
  y: 58.5
  z: 433.9279914887597
  yaw: 93.92887
  pitch: 40.499996
