timestamps:
  login: 1643812692367
  logout: 1643812855585
ipAddress: 127.0.0.1
lastlocation:
  world: world
  x: -230.5
  y: 70.0
  z: 246.5
  yaw: 0.0
  pitch: 0.0
logoutlocation:
  world: world
  x: -161.98050248056083
  y: 63.0
  z: 113.71182727882162
  yaw: 84.61011
  pitch: 28.95001
