timestamps:
  login: 1643654077247
  logout: 1643654334658
ipAddress: 127.0.0.1
lastlocation:
  world: world
  x: -218.5
  y: 69.0
  z: 253.5
  yaw: 0.0
  pitch: 0.0
logoutlocation:
  world: world
  x: -130.22093696694452
  y: 73.0
  z: 256.81841827584543
  yaw: 48.760193
  pitch: 11.249993
