timestamps:
  login: 1643737377214
  logout: 1643737449613
ipAddress: 127.0.0.1
lastlocation:
  world: world
  x: -193.5
  y: 73.0
  z: 225.5
  yaw: 0.0
  pitch: 0.0
logoutlocation:
  world: world
  x: -210.62786481761083
  y: 68.0
  z: 245.48705995427795
  yaw: 76.960106
  pitch: -72.9
