timestamps:
  login: 1643649027831
  logout: 1643649037452
ipAddress: 127.0.0.1
lastlocation:
  world: world
  x: -231.5
  y: 70.0
  z: 265.5
  yaw: 0.0
  pitch: 0.0
logoutlocation:
  world: world
  x: -210.5
  y: 67.0
  z: 249.5
  yaw: -0.28990474
  pitch: 87.16758
