timestamps:
  login: 1646407245630
ipAddress: 127.0.0.1
lastlocation:
  world: world
  x: -196.5
  y: 70.0
  z: 231.5
  yaw: 0.0
  pitch: 0.0
logoutlocation:
  world: world
  x: -216.69999998807907
  y: 57.0
  z: 248.2682696812825
  yaw: 351.0101
  pitch: 11.249993
