timestamps:
  login: 1643812392862
  logout: 1643812500856
ipAddress: 127.0.0.1
lastlocation:
  world: world
  x: -209.5
  y: 70.0
  z: 235.5
  yaw: 0.0
  pitch: 0.0
logoutlocation:
  world: world
  x: -219.69999998807907
  y: 67.0
  z: 243.30000001192093
  yaw: 138.0101
  pitch: -15.449993
