timestamps:
  login: 1643731741731
  logout: 1643731800676
ipAddress: 127.0.0.1
lastlocation:
  world: world
  x: -199.5
  y: 78.0
  z: 236.5
  yaw: 0.0
  pitch: 0.0
logoutlocation:
  world: world
  x: -210.5
  y: 67.0
  z: 249.5
  yaw: -0.5899048
  pitch: 89.56758
