timestamps:
  login: 1643831293423
  logout: 1643831354339
ipAddress: 127.0.0.1
lastlocation:
  world: world
  x: -194.5
  y: 76.0
  z: 253.5
  yaw: 0.0
  pitch: 0.0
logoutlocation:
  world: world
  x: -210.5
  y: 67.0
  z: 249.5
  yaw: -0.5899048
  pitch: 85.36758
