timestamps:
  login: 1646424296905
  logout: 1646424576313
  lastteleport: 1646424486918
ipAddress: 127.0.0.1
lastlocation:
  world: world
  x: -210.49250382019562
  y: 65.0
  z: 249.91426754124666
  yaw: 56.410103
  pitch: 7.8175716
logoutlocation:
  world: world
  x: -86.13481081205244
  y: 64.0
  z: 38.82980053961567
  yaw: -7.0398865
  pitch: 2.849992
