timestamps:
  login: 1643859869360
  logout: 1643859821109
ipAddress: 127.0.0.1
lastlocation:
  world: world
  x: -229.5
  y: 72.0
  z: 228.5
  yaw: 0.0
  pitch: 0.0
logoutlocation:
  world: world
  x: 54.20342045916467
  y: 62.0
  z: 121.91240825200931
  yaw: 0.3093105
  pitch: 20.399994
