timestamps:
  login: 1643644468379
  logout: 1643644747679
ipAddress: 127.0.0.1
lastlocation:
  world: world
  x: -208.5
  y: 73.0
  z: 225.5
  yaw: 0.0
  pitch: 0.0
logoutlocation:
  world: world
  x: -104.69999998807909
  y: 65.0
  z: 148.300000011921
  yaw: 128.33514
  pitch: 65.85001
