timestamps:
  login: 1646273855203
  lastteleport: 1644877336202
  logout: 1646275341560
ipAddress: 127.0.0.1
lastlocation:
  world: world
  x: -210.3046404383045
  y: 67.0
  z: 249.54926548148748
  yaw: 2.2600954
  pitch: 85.81758
logoutlocation:
  world: world
  x: -405.59472344658144
  y: 70.0
  z: -485.01606600720316
  yaw: -174.4403
  pitch: 22.35001
afk: false
