timestamps:
  login: 1646259364481
  logout: 1646259366884
ipAddress: 127.0.0.1
lastlocation:
  world: world
  x: -223.5
  y: 72.0
  z: 272.5
  yaw: 0.0
  pitch: 0.0
logoutlocation:
  world: world
  x: -211.5
  y: 67.0
  z: 249.5
  yaw: -2.0899012
  pitch: 0.91757107
