timestamps:
  login: 1646066704784
  logout: 1646066752693
ipAddress: 127.0.0.1
lastlocation:
  world: world
  x: -210.5
  y: 67.0
  z: 259.5
  yaw: 0.0
  pitch: 0.0
logoutlocation:
  world: world
  x: -218.88937237421277
  y: 72.0
  z: 339.0662222489506
  yaw: 181.21016
  pitch: 26.25001
