timestamps:
  login: 1646240110757
  lastteleport: 1646240172406
  logout: 1646240278132
ipAddress: 127.0.0.1
lastlocation:
  world: world
  x: -210.49250382019562
  y: 67.0
  z: 249.91426754124666
  yaw: -8.539902
  pitch: 7.9675717
logoutlocation:
  world: world
  x: -70.78268387125338
  y: 64.0
  z: 396.51713247410487
  yaw: -47.239906
  pitch: -26.382433
