timestamps:
  login: 1646428315826
  lastteleport: 1646428538607
ipAddress: 127.0.0.1
lastlocation:
  world: world
  x: -210.69999998807907
  y: 64.0
  z: 251.69999998807907
  yaw: -2.2399013
  pitch: 0.91757107
