timestamps:
  login: 1646143826902
  logout: 1646143973204
ipAddress: 127.0.0.1
lastlocation:
  world: world
  x: -231.14725638171504
  y: 64.0
  z: 112.28395901074006
  yaw: 27.460102
  pitch: 7.6675715
logoutlocation:
  world: world
  x: -210.49250382019562
  y: 67.0
  z: 249.91426754124666
  yaw: 9.1601
  pitch: 41.417576
