timestamps:
  login: 1645649395773
  logout: 1645649453823
ipAddress: 127.0.0.1
lastlocation:
  world: world
  x: -223.5
  y: 68.0
  z: 235.5
  yaw: 0.0
  pitch: 0.0
logoutlocation:
  world: world
  x: -247.30000001192093
  y: 61.0
  z: 100.31095855863242
  yaw: 278.26013
  pitch: -30.900011
