timestamps:
  login: 1643744592521
  logout: 1643744798659
ipAddress: 127.0.0.1
lastlocation:
  world: world
  x: -213.5
  y: 70.0
  z: 225.5
  yaw: 0.0
  pitch: 0.0
logoutlocation:
  world: world_the_end
  x: 82.0319256232927
  y: 34.0
  z: 1.1939772762164675
  yaw: 25.800049
  pitch: -13.500001
