timestamps:
  login: 1643653779748
  logout: 1643653838061
ipAddress: 127.0.0.1
lastlocation:
  world: world
  x: -188.5
  y: 69.0
  z: 229.5
  yaw: 0.0
  pitch: 0.0
logoutlocation:
  world: world
  x: -211.44837811452553
  y: 68.5
  z: 242.81254866864862
  yaw: -63.73991
  pitch: 12.749993
