timestamps:
  login: 1646242761415
  logout: 1646242779804
ipAddress: 127.0.0.1
lastlocation:
  world: world
  x: -208.5
  y: 68.0
  z: 267.5
  yaw: 0.0
  pitch: 0.0
logoutlocation:
  world: world
  x: -210.5
  y: 67.0
  z: 249.5
  yaw: -4.4899015
  pitch: 7.367572
