timestamps:
  login: 1643840803710
  logout: 1643841053609
  lastteleport: 1643840914980
ipAddress: 127.0.0.1
lastlocation:
  world: world
  x: -210.3046404383045
  y: 67.0
  z: 249.54926548148748
  yaw: -0.5899048
  pitch: 89.41758
logoutlocation:
  world: world
  x: -61.30000001192093
  y: 68.0
  z: 286.32736529561265
  yaw: 284.85016
  pitch: 15.300001
afk: false
