timestamps:
  login: 1646191874264
  logout: 1646191877220
ipAddress: 127.0.0.1
lastlocation:
  world: world
  x: -228.5
  y: 70.0
  z: 263.5
  yaw: 0.0
  pitch: 0.0
logoutlocation:
  world: world
  x: -210.5
  y: 67.0
  z: 248.5
  yaw: -2.2399013
  pitch: 5.2675714
