timestamps:
  login: 1646261623824
  lastteleport: 1646262656114
  logout: 1646263373757
ipAddress: 127.0.0.1
lastlocation:
  world: world
  x: -210.49250382019562
  y: 68.0
  z: 249.91426754124666
  yaw: -2.2399013
  pitch: 0.91757107
logoutlocation:
  world: world
  x: 151.69999998807907
  y: 10.0
  z: 93.24672963361684
  yaw: -295.49023
  pitch: 34.499996
