timestamps:
  login: 1645807648811
  logout: 1645807796002
ipAddress: 127.0.0.1
lastlocation:
  world: world
  x: -170.30000001192093
  y: 23.0
  z: 199.6164167420359
  yaw: -31.339935
  pitch: 90.0
logoutlocation:
  world: world
  x: -210.3046404383045
  y: 67.0
  z: 249.54926548148748
  yaw: -0.5899048
  pitch: 89.41758
