timestamps:
  login: 1647446705190
  lastteleport: 1646243323959
  logout: 1647446722790
ipAddress: 127.0.0.1
lastlocation:
  world: world
  x: -226.5
  y: 64.0
  z: 264.5
  yaw: 0.0
  pitch: 0.0
logoutlocation:
  world: world
  x: -210.5
  y: 65.0
  z: 249.5
  yaw: -2.2399013
  pitch: 0.91757107
afk: false
homes:
  home:
    world: world
    x: -835.3750413690625
    y: 66.0
    z: 958.1105531042858
    yaw: 252.3003
    pitch: 26.999994
