timestamps:
  login: 1643836398193
  lastteleport: 1643837902431
ipAddress: 127.0.0.1
lastlocation:
  world: world
  x: -210.3046404383045
  y: 67.0
  z: 249.54926548148748
  yaw: -0.13990474
  pitch: 89.41758
