timestamps:
  login: 1646160811699
ipAddress: 127.0.0.1
lastlocation:
  world: world
  x: -202.5
  y: 68.0
  z: 248.5
  yaw: 0.0
  pitch: 0.0
logoutlocation:
  world: world
  x: -210.5
  y: 58.0
  z: 249.5
  yaw: -2.3899014
  pitch: 0.91757107
