timestamps:
  login: 1645983459250
  logout: 1645983452200
ipAddress: 127.0.0.1
lastlocation:
  world: world
  x: -234.5
  y: 71.0
  z: 256.5
  yaw: 0.0
  pitch: 0.0
logoutlocation:
  world: world
  x: -211.5
  y: 67.0
  z: 249.5
  yaw: -1.7899013
  pitch: 0.76757103
