timestamps:
  login: 1645982980051
  lastteleport: 1645983001818
  logout: 1645983224700
ipAddress: 127.0.0.1
lastlocation:
  world: world
  x: -211.5
  y: 67.0
  z: 249.5
  yaw: -2.2399013
  pitch: 0.91757107
homes:
  home:
    world: world
    x: -1395.300000011921
    y: 64.0
    z: -1418.7020543871777
    yaw: -15.732902
    pitch: 42.522045
logoutlocation:
  world: world
  x: -1395.300000011921
  y: 64.0
  z: -1418.7020543871777
  yaw: -15.732902
  pitch: 42.522045
