timestamps:
  login: 1643641763893
  logout: 1643642198744
ipAddress: 127.0.0.1
lastlocation:
  world: world
  x: -195.5
  y: 70.0
  z: 241.5
  yaw: 0.0
  pitch: 0.0
afk: false
logoutlocation:
  world: world
  x: -76.11431791471362
  y: 66.0
  z: -17.485195198977838
  yaw: 179.86026
  pitch: 34.35001
