timestamps:
  login: 1646314627289
  lastteleport: 1646314782769
  logout: 1646315077195
ipAddress: 127.0.0.1
lastlocation:
  world: world
  x: -210.49250382019562
  y: 68.0
  z: 249.91426754124666
  yaw: -2.2399013
  pitch: 0.91757107
logoutlocation:
  world: world
  x: -370.30000001192093
  y: 62.0
  z: 181.69999998807907
  yaw: -106.68377
  pitch: 90.0
