timestamps:
  login: 1646058369859
  logout: 1646058372032
ipAddress: 127.0.0.1
lastlocation:
  world: world
  x: -219.5
  y: 70.0
  z: 229.5
  yaw: 0.0
  pitch: 0.0
logoutlocation:
  world: world
  x: -211.5
  y: 68.0
  z: 249.5
  yaw: -2.2399013
  pitch: 0.91757107
