timestamps:
  login: 1645631028978
  logout: 1645631328828
ipAddress: 127.0.0.1
lastlocation:
  world: world
  x: -233.5
  y: 68.0
  z: 232.5
  yaw: 0.0
  pitch: 0.0
logoutlocation:
  world: world
  x: -159.41590365230664
  y: 72.0
  z: 247.8526096049657
  yaw: 283.81015
  pitch: -39.75001
