timestamps:
  login: 1647883379166
  logout: 1647883386960
ipAddress: 127.0.0.1
lastlocation:
  world: world
  x: -217.5
  y: 68.0
  z: 280.5
  yaw: 0.0
  pitch: 0.0
logoutlocation:
  world: world
  x: -183.78443347042293
  y: 64.0
  z: 653.738600713335
  yaw: 4.3600993
  pitch: 27.767574
