timestamps:
  login: 1646079859009
  lastteleport: 1646079817205
  logout: 1646079879780
ipAddress: 127.0.0.1
lastlocation:
  world: world
  x: -210.49250382019562
  y: 68.0
  z: 249.91426754124666
  yaw: -2.2399013
  pitch: 0.91757107
logoutlocation:
  world: world
  x: -234.81020712032168
  y: 72.0
  z: 280.77935671518514
  yaw: 171.01013
  pitch: 16.499994
