timestamps:
  login: 1646066898522
  logout: 1646066997809
ipAddress: 127.0.0.1
lastlocation:
  world: world
  x: -220.5
  y: 70.0
  z: 269.5
  yaw: 0.0
  pitch: 0.0
logoutlocation:
  world: world
  x: -190.55645334036296
  y: 41.0
  z: 353.71694744927515
  yaw: -268.78992
  pitch: 11.867572
