timestamps:
  login: 1645823763320
  lastteleport: 1645823682763
  logout: 1645823804087
ipAddress: 127.0.0.1
lastlocation:
  world: world
  x: -210.3046404383045
  y: 67.0
  z: 249.54926548148748
  yaw: -0.5899048
  pitch: 89.41758
logoutlocation:
  world: world
  x: -130.60926146612417
  y: 69.0
  z: 256.30000001192093
  yaw: -191.23988
  pitch: 69.299995
