timestamps:
  login: 1646079950417
  logout: 1646080652718
ipAddress: 127.0.0.1
lastlocation:
  world: world
  x: -224.5
  y: 69.0
  z: 243.5
  yaw: 0.0
  pitch: 0.0
logoutlocation:
  world: world
  x: -188.85214368909695
  y: 80.0
  z: 370.78060190371815
  yaw: 61.06015
  pitch: 18.300009
