timestamps:
  login: 1643826414561
  lastteleport: 1643826643172
ipAddress: 127.0.0.1
lastlocation:
  world: world
  x: -214.5691064218745
  y: 68.0
  z: 244.94860814164718
  yaw: 193.81012
  pitch: 14.117573
