timestamps:
  login: 1646190573235
  logout: 1646190584539
ipAddress: 127.0.0.1
lastlocation:
  world: world
  x: -199.5
  y: 70.0
  z: 260.5
  yaw: 0.0
  pitch: 0.0
logoutlocation:
  world: world
  x: -210.5
  y: 67.0
  z: 248.5
  yaw: -2.2399013
  pitch: 0.91757107
