timestamps:
  login: 1646917082640
  logout: 1646919806503
  lastteleport: 1646917739050
ipAddress: 127.0.0.1
lastlocation:
  world: world
  x: -210.49250382019562
  y: 64.0
  z: 249.91426754124666
  yaw: -1.0111011
  pitch: 0.91757107
logoutlocation:
  world: world
  x: 220.65428286546847
  y: 63.0
  z: 1195.6782912739177
  yaw: 30.055542
  pitch: 10.127992
