timestamps:
  login: 1646190539634
  logout: 1646190542034
ipAddress: 127.0.0.1
lastlocation:
  world: world
  x: -226.5
  y: 69.0
  z: 256.5
  yaw: 0.0
  pitch: 0.0
logoutlocation:
  world: world
  x: -210.5
  y: 67.0
  z: 248.5
  yaw: -2.0899012
  pitch: 1.9675711
