timestamps:
  login: 1646190565622
  logout: 1646190567035
ipAddress: 127.0.0.1
lastlocation:
  world: world
  x: -219.5
  y: 69.0
  z: 235.5
  yaw: 0.0
  pitch: 0.0
logoutlocation:
  world: world
  x: -210.5
  y: 67.0
  z: 248.5
  yaw: -2.0899012
  pitch: 2.117571
