timestamps:
  login: 1646190548534
  logout: 1646190549534
ipAddress: 127.0.0.1
lastlocation:
  world: world
  x: -211.5
  y: 74.0
  z: 254.5
  yaw: 0.0
  pitch: 0.0
logoutlocation:
  world: world
  x: -210.5
  y: 67.0
  z: 248.5
  yaw: -2.5399013
  pitch: 0.91757107
