timestamps:
  login: 1646186975049
  logout: 1646186994286
ipAddress: 127.0.0.1
lastlocation:
  world: world
  x: -186.5
  y: 69.0
  z: 267.5
  yaw: 0.0
  pitch: 0.0
logoutlocation:
  world: world
  x: -247.20788481662282
  y: 70.0
  z: 295.6744467993376
  yaw: -62.93366
  pitch: 35.999996
