timestamps:
  login: 1646182033507
  logout: 1646182096816
ipAddress: 127.0.0.1
lastlocation:
  world: world
  x: -267.10877173161595
  y: 73.37919182812766
  z: 246.30000001192093
  yaw: 90.76011
  pitch: 31.217573
logoutlocation:
  world: world
  x: -209.92739279946585
  y: 71.0
  z: 250.04627938237604
  yaw: -2.2399013
  pitch: 0.76757103
