timestamps:
  login: 1646180571757
  logout: 1646180574911
ipAddress: 127.0.0.1
lastlocation:
  world: world
  x: -223.5
  y: 67.0
  z: 254.5
  yaw: 0.0
  pitch: 0.0
logoutlocation:
  world: world
  x: -210.5
  y: 67.0
  z: 250.5
  yaw: -2.2399013
  pitch: 1.6675712
