timestamps:
  login: 1643655322668
  lastteleport: 1643653635262
  logout: 1643655390068
ipAddress: 127.0.0.1
lastlocation:
  world: world
  x: -210.3046404383045
  y: 67.0
  z: 249.54926548148748
  yaw: -0.5899048
  pitch: 89.41758
logoutlocation:
  world: world
  x: -32.95763476207069
  y: 64.0
  z: 146.26683919425662
  yaw: 211.06027
  pitch: 15.899993
