timestamps:
  login: 1646227842509
  logout: 1646228652252
  lastteleport: 1646228380861
ipAddress: 127.0.0.1
lastlocation:
  world: world
  x: -213.69999998807907
  y: 56.0
  z: 253.78041940832492
  yaw: 71.86011
  pitch: 53.117577
logoutlocation:
  world: world
  x: -212.24287380357674
  y: 70.0
  z: 218.2964092868014
  yaw: -76.339935
  pitch: 8.100009
