timestamps:
  login: 1643638436515
  logout: 1643638467588
ipAddress: 127.0.0.1
lastlocation:
  world: world
  x: -222.5
  y: 68.0
  z: 246.5
  yaw: 0.0
  pitch: 0.0
logoutlocation:
  world: world
  x: -100.52191668056385
  y: 62.0
  z: 127.30000001192093
  yaw: 7.510132
  pitch: 2.267572
