timestamps:
  login: 1643644127230
  logout: 1643644540179
ipAddress: 127.0.0.1
lastlocation:
  world: world
  x: -202.5
  y: 70.0
  z: 236.5
  yaw: 0.0
  pitch: 0.0
logoutlocation:
  world: world
  x: -137.58858413331146
  y: 31.0
  z: 319.8802859975836
  yaw: -31.940002
  pitch: 25.367575
