timestamps:
  login: 1646284366869
  logout: 1646284388460
ipAddress: 127.0.0.1
lastlocation:
  world: world
  x: -226.5
  y: 70.0
  z: 251.5
  yaw: 0.0
  pitch: 0.0
logoutlocation:
  world: world
  x: -204.3763178588696
  y: 68.0
  z: 247.22047872022372
  yaw: -111.13991
  pitch: 17.417572
