timestamps:
  login: 1643834459558
  logout: 1643834678382
ipAddress: 127.0.0.1
logoutlocation:
  world: world
  x: -134.69999998807907
  y: 71.0
  z: 275.66416731093386
  yaw: 23.260098
  pitch: 2.267572
lastlocation:
  world: world
  x: -198.6534499049033
  y: 69.0
  z: 245.10178926464192
  yaw: 62.1101
  pitch: 6.4675713
