logoutlocation:
  world: world
  x: -185.5
  y: 71.0
  z: 261.5
  yaw: 0.15000002
  pitch: -0.15000002
lastlocation:
  world: world
  x: -185.5
  y: 71.0
  z: 261.5
  yaw: 0.0
  pitch: 0.0
timestamps:
  login: 1643824875776
ipAddress: 127.0.0.1
