timestamps:
  login: 1643728264676
  logout: 1643728483176
ipAddress: 127.0.0.1
lastlocation:
  world: world
  x: -200.5
  y: 69.0
  z: 241.5
  yaw: 0.0
  pitch: 0.0
logoutlocation:
  world: world
  x: -153.21152004486882
  y: 69.0
  z: 200.51405755188324
  yaw: -134.53995
  pitch: -21.60001
