timestamps:
  login: 1646916298965
  logout: 1646916303330
ipAddress: 127.0.0.1
lastlocation:
  world: world
  x: -212.5
  y: 65.0
  z: 236.5
  yaw: 0.0
  pitch: 0.0
logoutlocation:
  world: world
  x: -210.2956178629107
  y: 64.0
  z: 255.46623380991613
  yaw: -10.339902
  pitch: 9.467572
