timestamps:
  login: 1643655157807
  logout: 1643655230147
ipAddress: 127.0.0.1
lastlocation:
  world: world
  x: -223.5
  y: 67.0
  z: 255.5
  yaw: 0.0
  pitch: 0.0
logoutlocation:
  world: world
  x: -210.5
  y: 67.0
  z: 249.5
  yaw: -0.5899048
  pitch: 85.36758
