timestamps:
  login: 1646410528059
  lastteleport: 1646410283393
ipAddress: 127.0.0.1
lastlocation:
  world: world
  x: -266.1521278338005
  y: 68.0
  z: 69.43100616390133
  yaw: 218.47263
  pitch: 6.189712
logoutlocation:
  world: world
  x: -159.57543504986654
  y: 61.96976247227628
  z: 93.17582469172973
  yaw: 242.5517
  pitch: 52.723186
