timestamps:
  login: 1646418401453
  logout: 1646418431355
ipAddress: 127.0.0.1
lastlocation:
  world: world
  x: -219.5
  y: 63.0
  z: 256.5
  yaw: 0.0
  pitch: 0.0
logoutlocation:
  world: world
  x: -210.5
  y: 64.0
  z: 249.5
  yaw: -8.989902
  pitch: -25.932432
