timestamps:
  login: 1643644061015
  logout: 1643644085179
ipAddress: 127.0.0.1
lastlocation:
  world: world
  x: -223.5
  y: 67.0
  z: 231.5
  yaw: 0.0
  pitch: 0.0
logoutlocation:
  world: world
  x: -213.03251623700646
  y: 73.0
  z: 344.4173285181813
  yaw: 24.460098
  pitch: 17.099995
