timestamps:
  login: 1646329692208
  logout: 1646329701982
ipAddress: 127.0.0.1
lastlocation:
  world: world
  x: -216.5
  y: 69.0
  z: 245.5
  yaw: 0.0
  pitch: 0.0
logoutlocation:
  world: world
  x: -210.5
  y: 64.0
  z: 249.5
  yaw: -1.4899012
  pitch: 0.91757107
