timestamps:
  login: 1646235065054
  logout: 1646235585556
  lastteleport: 1646235422151
ipAddress: 127.0.0.1
logoutlocation:
  world: world
  x: -51.69999998807907
  y: 85.02951591658493
  z: 258.42500001192093
  yaw: -194.8401
  pitch: -34.499996
lastlocation:
  world: world
  x: -210.49250382019562
  y: 67.0
  z: 249.91426754124666
  yaw: -2.2399013
  pitch: 0.91757107
