lastlocation:
  world: world
  x: -210.49250382019562
  y: 67.0
  z: 249.91426754124666
  yaw: -2.2399013
  pitch: 0.91757107
timestamps:
  lastteleport: 1646229869486
  logout: 1646229872251
logoutlocation:
  world: world
  x: -272.478597501427
  y: 69.0
  z: 285.1124567984522
  yaw: -91.93991
  pitch: 40.817574
