timestamps:
  login: 1646249596144
ipAddress: 127.0.0.1
lastlocation:
  world: world
  x: -206.93249414176407
  y: 68.0
  z: 264.1692329649544
  yaw: -91.33991
  pitch: 10.517572
