timestamps:
  login: 1643815360609
  logout: 1643816048977
ipAddress: 127.0.0.1
lastlocation:
  world: world
  x: -226.5
  y: 73.0
  z: 238.5
  yaw: 0.0
  pitch: 0.0
logoutlocation:
  world: world
  x: -253.93696050860024
  y: 70.0
  z: 294.4871024221319
  yaw: 194.26013
  pitch: -1.6499921
