timestamps:
  login: 1643604096203
  logout: 1643604226924
ipAddress: 127.0.0.1
lastlocation:
  world: world
  x: -220.5
  y: 67.0
  z: 273.5
  yaw: 0.0
  pitch: 0.0
ban:
  reason: '§4Banned:

    §rThe Ban Hammer has spoken!'
  timeout: 0
logoutlocation:
  world: world
  x: -213.53040823250217
  y: 67.0
  z: 257.2378053429132
  yaw: -0.8899048
  pitch: -14.55001
