timestamps:
  login: 1646401713224
  logout: 1646402070839
ipAddress: 127.0.0.1
lastlocation:
  world: world
  x: -221.5
  y: 64.0
  z: 257.5
  yaw: 0.0
  pitch: 0.0
logoutlocation:
  world: world
  x: -121.30000001192091
  y: 70.0
  z: 370.69999998807907
  yaw: 146.90414
  pitch: 43.512627
