timestamps:
  login: 1646326785764
  lastteleport: 1646327533703
  logout: 1646327782437
ipAddress: 127.0.0.1
lastlocation:
  world: world
  x: -210.49250382019562
  y: 64.0
  z: 249.91426754124666
  yaw: -2.2399013
  pitch: 0.91757107
logoutlocation:
  world: world
  x: -1096.0603747027646
  y: 68.0
  z: 45.27527405741545
  yaw: 172.70966
  pitch: 26.803633
