timestamps:
  login: 1646157171003
  logout: 1646157152100
  lastteleport: 1646061655302
ipAddress: 127.0.0.1
lastlocation:
  world: world
  x: -221.9682164604867
  y: 59.0
  z: 204.74761817315064
  yaw: -32.5399
  pitch: 32.267574
logoutlocation:
  world: world
  x: -209.1296356118885
  y: 59.0
  z: 249.09856179725057
  yaw: 12.460099
  pitch: 71.4
afk: false
