timestamps:
  login: 1646047017286
  logout: 1646047023669
ipAddress: 127.0.0.1
lastlocation:
  world: world
  x: -209.5
  y: 60.0
  z: 265.5
  yaw: 0.0
  pitch: 0.0
logoutlocation:
  world: world
  x: -211.5
  y: 69.0
  z: 249.5
  yaw: -2.2399013
  pitch: 0.91757107
