timestamps:
  login: 1646915675271
  logout: 1646915918438
ipAddress: 127.0.0.1
lastlocation:
  world: world
  x: -209.5
  y: 65.0
  z: 251.5
  yaw: 0.0
  pitch: 0.0
logoutlocation:
  world: world
  x: -47.520610485440756
  y: 38.0
  z: 258.4805092338237
  yaw: -76.03991
  pitch: 31.199995
