timestamps:
  login: 1646399234064
  logout: 1646399402262
ipAddress: 127.0.0.1
lastlocation:
  world: world
  x: -226.5
  y: 69.0
  z: 264.5
  yaw: 0.0
  pitch: 0.0
logoutlocation:
  world: world
  x: -1510.3938106251694
  y: 68.0
  z: 925.5588620163272
  yaw: 179.56015
  pitch: 20.400011
