timestamps:
  login: 1643647988512
  logout: 1643648044120
ipAddress: 127.0.0.1
lastlocation:
  world: world
  x: -222.5
  y: 68.0
  z: 227.5
  yaw: 0.0
  pitch: 0.0
logoutlocation:
  world: world
  x: -199.34084089481027
  y: 71.0
  z: 227.80566884673908
  yaw: -109.489914
  pitch: 15.599994
