timestamps:
  login: 1643849095113
  logout: 1643853861110
  lastteleport: 1643850210076
ipAddress: 127.0.0.1
lastlocation:
  world: world
  x: -210.3046404383045
  y: 67.0
  z: 249.54926548148748
  yaw: -0.5899048
  pitch: 89.41758
logoutlocation:
  world: world
  x: 148.60404465080143
  y: 10.0
  z: 43.23026596738764
  yaw: 52.66037
  pitch: 0.599992
