timestamps:
  login: 1645199750528
  logout: 1645199728829
ipAddress: 127.0.0.1
lastlocation:
  world: world
  x: -196.5
  y: 70.0
  z: 239.5
  yaw: 0.0
  pitch: 0.0
logoutlocation:
  world: world
  x: -210.61650236264128
  y: 68.0
  z: 248.46651003649563
  yaw: 181.51012
  pitch: 21.167574
