timestamps:
  login: 1643814967679
  logout: 1643815020861
ipAddress: 127.0.0.1
lastlocation:
  world: world
  x: -204.5
  y: 69.0
  z: 242.5
  yaw: 0.0
  pitch: 0.0
logoutlocation:
  world: world
  x: -210.5
  y: 67.0
  z: 249.5
  yaw: -4.039905
  pitch: 89.58633
