timestamps:
  login: 1643816107254
  logout: 1643816123639
ipAddress: 127.0.0.1
lastlocation:
  world: world
  x: -191.5
  y: 69.0
  z: 269.5
  yaw: 0.0
  pitch: 0.0
logoutlocation:
  world: world
  x: -210.5
  y: 67.0
  z: 249.5
  yaw: -0.13990474
  pitch: 89.11758
