timestamps:
  login: 1643728590727
  logout: 1643728650676
ipAddress: 127.0.0.1
lastlocation:
  world: world
  x: -233.5
  y: 74.0
  z: 244.5
  yaw: 0.0
  pitch: 0.0
logoutlocation:
  world: world
  x: -210.5
  y: 67.0
  z: 249.5
  yaw: -0.13990474
  pitch: 89.56758
