timestamps:
  login: 1646062925104
  logout: 1646063009187
ipAddress: 127.0.0.1
lastlocation:
  world: world
  x: -211.69999998807907
  y: 68.0
  z: 249.76213850408695
  yaw: -13.189902
  pitch: 6.0175714
logoutlocation:
  world: world
  x: -211.69999998807907
  y: 61.74817165837842
  z: 251.69999998807907
  yaw: -13.189902
  pitch: 6.0175714
