timestamps:
  login: 1646417665599
  lastteleport: 1646418862932
  logout: 1646418915823
ipAddress: 127.0.0.1
lastlocation:
  world: world
  x: -210.49250382019562
  y: 63.961999940872104
  z: 249.91426754124666
  yaw: -2.2399013
  pitch: 0.91757107
afk: false
logoutlocation:
  world: world
  x: -211.69999998807907
  y: 64.0
  z: 249.2999859089792
  yaw: 293.11014
  pitch: 46.517574
