timestamps:
  login: 1646238854258
  logout: 1646239002252
  lastteleport: 1646155513005
ipAddress: 127.0.0.1
lastlocation:
  world: world
  x: -210.49250382019562
  y: 67.0
  z: 249.91426754124666
  yaw: -20.389902
  pitch: 21.017572
logoutlocation:
  world: world
  x: 0.5125787799108724
  y: 32.0
  z: 327.8776813515988
  yaw: -331.9394
  pitch: -66.90002
