timestamps:
  login: 1646156611298
  logout: 1646156746641
ipAddress: 127.0.0.1
lastlocation:
  world: world
  x: -208.5
  y: 67.0
  z: 274.5
  yaw: 0.0
  pitch: 0.0
logoutlocation:
  world: world
  x: -242.30719099867082
  y: 26.0
  z: 367.86847595271365
  yaw: -91.78991
  pitch: 64.65
