timestamps:
  login: 1646167777976
  logout: 1646168061707
ipAddress: 127.0.0.1
lastlocation:
  world: world
  x: -236.5
  y: 71.0
  z: 272.5
  yaw: 0.0
  pitch: 0.0
logoutlocation:
  world: world
  x: -34.1780792731162
  y: 64.0
  z: 397.48329616760094
  yaw: -269.83994
  pitch: -2.382426
