timestamps:
  login: 1645505949649
  logout: 1645506255449
ipAddress: 127.0.0.1
lastlocation:
  world: world
  x: -213.5
  y: 74.0
  z: 247.5
  yaw: 0.0
  pitch: 0.0
logoutlocation:
  world: world
  x: 132.30000001192096
  y: 55.0
  z: 366.6007114678219
  yaw: 307.36014
  pitch: 15.150009
