timestamps:
  login: 1646428162911
  logout: 1646428262426
ipAddress: 127.0.0.1
lastlocation:
  world: world
  x: -186.5
  y: 70.0
  z: 235.5
  yaw: 0.0
  pitch: 0.0
logoutlocation:
  world: world
  x: -237.63985084231174
  y: 68.0
  z: 346.2447502782373
  yaw: 203.11035
  pitch: 77.84999
