timestamps:
  login: 1647878056402
  lastteleport: 1647878276801
  logout: 1647878277625
ipAddress: 127.0.0.1
lastlocation:
  world: world
  x: -210.53048390100417
  y: 67.0
  z: 252.44713075646982
  yaw: -357.4686
  pitch: 17.599054
homes:
  home:
    world: world
    x: -1057.5135201251933
    y: 45.0
    z: 211.00484674165844
    yaw: 348.46008
    pitch: 40.799995
afk: false
logoutlocation:
  world: world
  x: 7.5
  y: 64.0
  z: 278.5
  yaw: -118.96863
  pitch: 13.399055
