timestamps:
  login: 1646411231077
  logout: 1646412046496
ipAddress: 127.0.0.1
lastlocation:
  world: world
  x: -222.5
  y: 67.0
  z: 262.5
  yaw: 0.0
  pitch: 0.0
logoutlocation:
  world: world
  x: -207.2302691782204
  y: 70.0
  z: 224.11131326622365
  yaw: 242.41022
  pitch: 31.049995
