timestamps:
  login: 1646070209081
  logout: 1646070935523
ipAddress: 127.0.0.1
lastlocation:
  world: world
  x: -203.5
  y: 67.0
  z: 273.5
  yaw: 0.0
  pitch: 0.0
logoutlocation:
  world: world
  x: -458.23750001192093
  y: 57.0
  z: 267.69999998807907
  yaw: 325.81018
  pitch: 31.049995
