timestamps:
  login: 1645636694778
  logout: 1645636868828
ipAddress: 127.0.0.1
lastlocation:
  world: world
  x: -187.5
  y: 76.0
  z: 243.5
  yaw: 0.0
  pitch: 0.0
logoutlocation:
  world: world
  x: -156.30000001192093
  y: 71.0
  z: 282.7396968436616
  yaw: 241.66011
  pitch: -90.0
