timestamps:
  login: 1645995357850
  logout: 1645996157385
ipAddress: 127.0.0.1
lastlocation:
  world: world
  x: -216.69999998807907
  y: 56.0
  z: 248.3000000119209
  yaw: -95.53991
  pitch: -12.149993
logoutlocation:
  world: world
  x: -216.69999998807907
  y: 56.0
  z: 248.3000000119209
  yaw: -95.53991
  pitch: -12.149993
