timestamps:
  login: 1643821492994
  logout: 1643821523245
ipAddress: 127.0.0.1
lastlocation:
  world: world
  x: -221.5
  y: 67.0
  z: 247.5
  yaw: 0.0
  pitch: 0.0
logoutlocation:
  world: world
  x: -210.5
  y: 67.0
  z: 249.5
  yaw: -0.8899048
  pitch: 86.26758
