timestamps:
  login: 1645996458400
  logout: 1645996489885
ipAddress: 127.0.0.1
lastlocation:
  world: world
  x: -221.5
  y: 67.0
  z: 251.5
  yaw: 0.0
  pitch: 0.0
logoutlocation:
  world: world
  x: -211.5
  y: 67.0
  z: 249.5
  yaw: 0.31009892
  pitch: -2.0824292
