timestamps:
  login: 1643854163409
  logout: 1643854173635
ipAddress: 127.0.0.1
lastlocation:
  world: world
  x: -215.5
  y: 66.0
  z: 265.5
  yaw: 0.0
  pitch: 0.0
logoutlocation:
  world: world
  x: -210.5
  y: 67.0
  z: 249.5
  yaw: -0.28990474
  pitch: 87.467575
