timestamps:
  login: 1646227305525
  lastteleport: 1646228494477
  logout: 1646228724751
ipAddress: 127.0.0.1
lastlocation:
  world: world
  x: -221.69999998807907
  y: 66.30421341792974
  z: 254.30000001192093
  yaw: -230.53996
  pitch: 0.7675715
logoutlocation:
  world: world
  x: -193.74878519396194
  y: 70.0
  z: 258.0985850475643
  yaw: 262.3601
  pitch: -55.332436
