timestamps:
  login: 1643650067273
  logout: 1643650334464
ipAddress: 127.0.0.1
lastlocation:
  world: world
  x: -210.39541969746844
  y: 58.866443625231454
  z: 246.30000001192093
  yaw: 168.76013
  pitch: 30.599995
logoutlocation:
  world: world
  x: -210.3046404383045
  y: 64.0
  z: 249.54926548148748
  yaw: 5.2600956
  pitch: 90.0
