timestamps:
  login: 1646063837152
  logout: 1646063937168
ipAddress: 127.0.0.1
lastlocation:
  world: world
  x: -199.49457508964045
  y: 67.0
  z: 277.30000001192093
  yaw: -213.13992
  pitch: 11.717572
logoutlocation:
  world: world
  x: -210.49250382019562
  y: 69.0
  z: 249.91426754124666
  yaw: -2.2399013
  pitch: 0.91757107
