timestamps:
  login: 1646239910285
  logout: 1646240091796
ipAddress: 127.0.0.1
lastlocation:
  world: world
  x: -232.5
  y: 69.0
  z: 235.5
  yaw: 0.0
  pitch: 0.0
afk: false
logoutlocation:
  world: world
  x: -263.69999998807907
  y: 72.0
  z: 262.3048345877058
  yaw: -43.93994
  pitch: 42.149994
