timestamps:
  login: 1646916902664
  logout: 1646919288340
  lastteleport: 1646918995944
ipAddress: 127.0.0.1
lastlocation:
  world: world
  x: -210.49250382019562
  y: 64.0
  z: 249.91426754124666
  yaw: -2.2399013
  pitch: 0.91757107
logoutlocation:
  world: world
  x: 86.79910304164173
  y: 12.0
  z: -121.48235654349469
  yaw: 96.6488
  pitch: -13.649993
