timestamps:
  login: 1646140836938
  lastteleport: 1646141534091
  logout: 1646141563188
ipAddress: 127.0.0.1
lastlocation:
  world: world
  x: -210.49250382019562
  y: 70.0
  z: 249.91426754124666
  yaw: -2.2399013
  pitch: 0.91757107
logoutlocation:
  world: world
  x: 292.8769250159088
  y: 63.0
  z: 499.69999998807907
  yaw: -41.933533
  pitch: -20.85001
