timestamps:
  login: 1646054537695
  lastteleport: 1646055492410
  logout: 1646055593594
ipAddress: 127.0.0.1
lastlocation:
  world: world
  x: -210.49250382019562
  y: 69.0
  z: 249.91426754124666
  yaw: -2.2399013
  pitch: 0.91757107
logoutlocation:
  world: world
  x: -320.1767256751902
  y: 74.0
  z: 218.75844780349826
  yaw: -13.414818
  pitch: 10.499993
