timestamps:
  login: 1646177253888
  logout: 1646177287259
ipAddress: 127.0.0.1
lastlocation:
  world: world
  x: -233.5
  y: 71.0
  z: 262.5
  yaw: 0.0
  pitch: 0.0
logoutlocation:
  world: world
  x: -191.01290706523602
  y: 70.0
  z: 252.61130847605796
  yaw: -110.53991
  pitch: 19.217573
