timestamps:
  login: 1646416376869
ipAddress: 127.0.0.1
lastlocation:
  world: world
  x: -230.5
  y: 71.0
  z: 259.5
  yaw: 0.0
  pitch: 0.0
logoutlocation:
  world: world
  x: -215.4862260864046
  y: 19.0
  z: 271.8882240662909
  yaw: -152.83992
  pitch: -79.35001
