timestamps:
  login: 1646234458911
  logout: 1646234527611
ipAddress: 127.0.0.1
lastlocation:
  world: world
  x: -221.01718950802328
  y: 66.20000004768372
  z: 300.1492662694759
  yaw: 96.61035
  pitch: 25.80001
logoutlocation:
  world: world
  x: -189.7712088002662
  y: 74.0
  z: 314.813155544318
  yaw: 169.66016
  pitch: 30.450012
