timestamps:
  login: 1646915133228
  logout: 1646915220203
ipAddress: 127.0.0.1
lastlocation:
  world: world
  x: -188.5
  y: 70.0
  z: 235.5
  yaw: 0.0
  pitch: 0.0
logoutlocation:
  world: world
  x: -209.30000001192093
  y: 55.0
  z: 251.36297770377774
  yaw: 81.76011
  pitch: -41.699997
