timestamps:
  login: 1646159195427
  logout: 1646159200077
ipAddress: 127.0.0.1
lastlocation:
  world: world
  x: -223.5
  y: 69.0
  z: 264.5
  yaw: 0.0
  pitch: 0.0
logoutlocation:
  world: world
  x: -210.5
  y: 56.0
  z: 249.5
  yaw: -2.2399013
  pitch: 0.91757107
