timestamps:
  login: 1647433110058
  lastteleport: 1647362388237
  logout: 1647433138661
ipAddress: 127.0.0.1
lastlocation:
  world: world
  x: -211.2526030705204
  y: 61.0
  z: 255.69999998807907
  yaw: 114.61014
  pitch: 14.117572
logoutlocation:
  world: world
  x: -210.49250382019562
  y: 66.0
  z: 249.91426754124666
  yaw: -2.2399013
  pitch: 0.91757107
homes:
  home:
    world: world
    x: 3057.2648369115104
    y: 58.0
    z: -320.3149190789496
    yaw: 105.64365
    pitch: 32.249996
