timestamps:
  login: 1646331082714
  logout: 1646331128270
  lastteleport: 1646329466017
ipAddress: 127.0.0.1
lastlocation:
  world: world
  x: -210.49250382019562
  y: 64.0
  z: 249.91426754124666
  yaw: -2.2399013
  pitch: 1.067571
logoutlocation:
  world: world
  x: -135.18446031920504
  y: 50.0
  z: -110.1002284167063
  yaw: 195.01007
  pitch: 26.849995
