timestamps:
  login: 1647532356290
  logout: 1647478902055
  lastteleport: 1646063913941
ipAddress: 127.0.0.1
lastlocation:
  world: world
  x: -205.5
  y: 63.0
  z: 252.5
  yaw: 0.0
  pitch: 0.0
logoutlocation:
  world: world
  x: -210.5
  y: 65.0
  z: 249.5
  yaw: -2.2399013
  pitch: 0.91757107
afk: false
ban:
  timeout: 0
