timestamps:
  login: 1646925039524
  logout: 1646925129076
ipAddress: 127.0.0.1
lastlocation:
  world: world
  x: -200.5
  y: 68.0
  z: 258.5
  yaw: 0.0
  pitch: 0.0
logoutlocation:
  world: world
  x: -196.43755385431518
  y: 67.0
  z: 208.72766407132704
  yaw: -158.28053
  pitch: 18.866285
