timestamps:
  login: 1646250531455
  lastteleport: 1646252218464
  logout: 1646252231800
ipAddress: 127.0.0.1
lastlocation:
  world: world
  x: -210.49250382019562
  y: 70.0
  z: 249.91426754124666
  yaw: 54.160103
  pitch: -2.3824291
homes:
  home:
    world: world
    x: -839.6648403860138
    y: 66.0
    z: 955.3285036809161
    yaw: 205.20007
    pitch: 2.5500007
logoutlocation:
  world: world
  x: -830.0806097882913
  y: 61.0
  z: 949.2690496260731
  yaw: 303.1501
  pitch: 18.450003
