timestamps:
  login: 1646317492625
  logout: 1646317824187
  lastteleport: 1646071414142
ipAddress: 127.0.0.1
lastlocation:
  world: world
  x: -210.49250382019562
  y: 68.0
  z: 249.91426754124666
  yaw: 9.4601
  pitch: -2.6824293
logoutlocation:
  world: world
  x: -258.30000001192093
  y: 40.0
  z: 1134.2910127865837
  yaw: -34.509033
  pitch: 75.6
afk: false
