timestamps:
  login: 1646268513046
  logout: 1646268538906
ipAddress: 127.0.0.1
lastlocation:
  world: world
  x: -221.5
  y: 65.0
  z: 268.5
  yaw: 0.0
  pitch: 0.0
logoutlocation:
  world: world
  x: -210.5
  y: 67.0
  z: 249.5
  yaw: -2.2399013
  pitch: 0.91757107
