timestamps:
  login: 1645644288173
  logout: 1645644558823
  lastteleport: 1645632942537
ipAddress: 127.0.0.1
lastlocation:
  world: world
  x: -207.74625078206978
  y: 33.0
  z: 362.92500001192093
  yaw: 84.047646
  pitch: -9.768743
logoutlocation:
  world: world
  x: 138.69928150526695
  y: 93.0
  z: 233.69999998807907
  yaw: 108.58142
  pitch: 24.150003
