timestamps:
  login: 1643752867023
  logout: 1643752968621
ipAddress: 127.0.0.1
lastlocation:
  world: world
  x: -195.5
  y: 70.0
  z: 231.5
  yaw: 0.0
  pitch: 0.0
logoutlocation:
  world: world
  x: -209.30000001192093
  y: 21.0
  z: 272.30000001192093
  yaw: 294.01004
  pitch: -90.0
