timestamps:
  login: 1643835473853
  logout: 1643835502956
ipAddress: 127.0.0.1
lastlocation:
  world: world
  x: -206.5
  y: 75.0
  z: 227.5
  yaw: 0.0
  pitch: 0.0
logoutlocation:
  world: world
  x: -210.5
  y: 67.0
  z: 249.5
  yaw: -0.5899048
  pitch: 88.96758
