timestamps:
  login: 1645804528595
  logout: 1645805001122
ipAddress: 127.0.0.1
lastlocation:
  world: world
  x: -212.69999998807907
  y: 67.0
  z: 251.75452458329025
  yaw: 193.96011
  pitch: 7.3675723
logoutlocation:
  world: world
  x: -186.7052425940362
  y: 67.0
  z: 179.04819106480744
  yaw: 54.96643
  pitch: 8.046627E-6
