timestamps:
  login: 1646199603965
  logout: 1646199605964
ipAddress: 127.0.0.1
lastlocation:
  world: world
  x: -213.5
  y: 67.0
  z: 274.5
  yaw: 0.0
  pitch: 0.0
logoutlocation:
  world: world
  x: -210.5
  y: 67.0
  z: 248.5
  yaw: -2.2399013
  pitch: 0.91757107
