timestamps:
  login: 1643656301374
  logout: 1643656695257
ipAddress: 127.0.0.1
lastlocation:
  world: world
  x: -96.04436343434162
  y: 67.0
  z: 228.69999998807907
  yaw: 20.410097
  pitch: 33.599995
logoutlocation:
  world: world
  x: -96.69999998807906
  y: 67.0
  z: 228.69999998807907
  yaw: 16.960096
  pitch: 42.749996
