timestamps:
  login: 1645666211129
  logout: 1645666699953
ipAddress: 127.0.0.1
lastlocation:
  world: world
  x: -163.30000001192093
  y: 51.0
  z: 220.69999998807907
  yaw: -158.83997
  pitch: -82.95
logoutlocation:
  world: world
  x: -172.8346767199683
  y: 69.0
  z: 217.78685706498763
  yaw: -8.839906
  pitch: 39.749996
