timestamps:
  login: 1646168095028
  logout: 1646168470507
ipAddress: 127.0.0.1
lastlocation:
  world: world
  x: -216.5
  y: 70.0
  z: 229.5
  yaw: 0.0
  pitch: 0.0
logoutlocation:
  world: world
  x: 69.56121786601305
  y: 68.0
  z: 69.3000276461332
  yaw: 90.01012
  pitch: 6.4499907
