timestamps:
  login: 1646962686609
  logout: 1646962717197
ipAddress: 127.0.0.1
lastlocation:
  world: world
  x: -210.5
  y: 67.0
  z: 249.5
  yaw: -3.8899014
  pitch: 3.9175713
logoutlocation:
  world: world
  x: -210.49250382019562
  y: 74.0
  z: 249.91426754124666
  yaw: -1.6399013
  pitch: 2.7175713
