timestamps:
  login: 1646257174160
  logout: 1646257195161
ipAddress: 127.0.0.1
logoutlocation:
  world: world
  x: -211.36094418369206
  y: 67.0
  z: 248.54077356309216
  yaw: -336.47052
  pitch: 57.94382
