timestamps:
  login: 1646065034589
  logout: 1646065093843
ipAddress: 127.0.0.1
lastlocation:
  world: world
  x: -223.5
  y: 69.0
  z: 245.5
  yaw: 0.0
  pitch: 0.0
logoutlocation:
  world: world
  x: -211.5
  y: 68.0
  z: 249.5
  yaw: 0.16009891
  pitch: 3.7675712
