timestamps:
  login: 1646421086283
  logout: 1646421090201
ipAddress: 127.0.0.1
lastlocation:
  world: world
  x: -210.5
  y: 65.0
  z: 248.5
  yaw: 0.0
  pitch: 0.0
logoutlocation:
  world: world
  x: -210.5
  y: 64.0
  z: 249.5
  yaw: 0.31009892
  pitch: 7.9675717
