timestamps:
  login: 1647031450676
  logout: 1647031583425
  lastteleport: 1647031573637
ipAddress: 127.0.0.1
lastlocation:
  world: world
  x: -210.49250382019562
  y: 71.0
  z: 249.91426754124666
  yaw: -2.2399013
  pitch: 0.91757107
logoutlocation:
  world: world
  x: -192.83404564615304
  y: 59.0
  z: 469.13966543964017
  yaw: 32.896465
  pitch: 23.849993
homes:
  home:
    world: world
    x: -190.7118257077317
    y: 58.0
    z: 472.9763844091418
    yaw: 263.14648
    pitch: -18.45001
afk: false
