timestamps:
  login: 1646419516645
  logout: 1646419518035
ipAddress: 127.0.0.1
lastlocation:
  world: world
  x: -197.5
  y: 66.0
  z: 270.5
  yaw: 0.0
  pitch: 0.0
logoutlocation:
  world: world
  x: -210.5
  y: 64.0
  z: 249.5
  yaw: 3.6100993
  pitch: 2.117571
