timestamps:
  login: 1646916532623
  logout: 1646916997153
ipAddress: 127.0.0.1
lastlocation:
  world: world
  x: -232.5
  y: 70.0
  z: 270.5
  yaw: 0.0
  pitch: 0.0
logoutlocation:
  world: world
  x: -242.60767839113706
  y: 7.0
  z: 165.6588530068436
  yaw: 183.61131
  pitch: 24.857382
