timestamps:
  login: 1646421791251
  lastteleport: 1646422745398
  logout: 1646423005647
ipAddress: 127.0.0.1
lastlocation:
  world: world
  x: -212.8306696041394
  y: 64.0
  z: 254.38680449345875
  yaw: 168.91011
  pitch: 89.85
logoutlocation:
  world: world
  x: 292.5772447638567
  y: 19.0
  z: 337.1853322821026
  yaw: -141.89174
  pitch: 55.799995
