timestamps:
  login: 1645327403868
  logout: 1645327434428
ipAddress: 127.0.0.1
lastlocation:
  world: world
  x: -185.5
  y: 70.0
  z: 256.5
  yaw: 0.0
  pitch: 0.0
logoutlocation:
  world: world
  x: -209.04958737163565
  y: 67.0
  z: 251.1510015890754
  yaw: 159.6101
  pitch: -10.932429
