timestamps:
  login: 1647720686462
  lastteleport: 1643661067897
  logout: 1647720690511
ipAddress: 127.0.0.1
lastlocation:
  world: world
  x: -214.5
  y: 72.0
  z: 245.5
  yaw: 0.0
  pitch: 0.0
logoutlocation:
  world: world
  x: -210.5
  y: 67.0
  z: 252.5
  yaw: -0.7685997
  pitch: 14.8990555
afk: false
