timestamps:
  login: 1646248700029
  logout: 1646248789433
ipAddress: 127.0.0.1
lastlocation:
  world: world
  x: -218.5
  y: 67.0
  z: 272.5
  yaw: 0.0
  pitch: 0.0
logoutlocation:
  world: world
  x: -152.28148846114394
  y: 72.0
  z: 235.4871938545799
  yaw: 33.460102
  pitch: 13.817573
