timestamps:
  login: 1646068810454
  logout: 1646068877568
ipAddress: 127.0.0.1
lastlocation:
  world: world
  x: -204.5
  y: 68.0
  z: 244.5
  yaw: 0.0
  pitch: 0.0
logoutlocation:
  world: world
  x: -210.5
  y: 68.0
  z: 249.5
  yaw: -2.0899012
  pitch: 8.867572
