timestamps:
  login: 1646407696921
  lastteleport: 1646407963842
ipAddress: 127.0.0.1
lastlocation:
  world: world
  x: -270.30000001192093
  y: 11.0
  z: 218.30000001192093
  yaw: -234.58954
  pitch: 90.0
logoutlocation:
  world: world
  x: -210.49250382019562
  y: 63.961999940872104
  z: 249.91426754124666
  yaw: -21.589903
  pitch: 9.917572
