timestamps:
  login: 1646326975477
  logout: 1646327057921
ipAddress: 127.0.0.1
lastlocation:
  world: world
  x: -234.5
  y: 68.0
  z: 225.5
  yaw: 0.0
  pitch: 0.0
logoutlocation:
  world: world
  x: -206.55318746118937
  y: 58.0
  z: 263.69999998807907
  yaw: 356.41013
  pitch: 27.167574
