timestamps:
  login: 1646410314966
  logout: 1646331910160
  lastteleport: 1646330372769
ipAddress: 127.0.0.1
lastlocation:
  world: world
  x: -210.49250382019562
  y: 65.0
  z: 249.91426754124666
  yaw: -2.2399013
  pitch: 0.91757107
logoutlocation:
  world: world
  x: -416.93838737812615
  y: 63.0
  z: -205.7324248317098
  yaw: 332.20627
  pitch: 15.900009
