timestamps:
  login: 1646413591740
  logout: 1646413496558
ipAddress: 127.0.0.1
lastlocation:
  world: world
  x: -186.5
  y: 70.0
  z: 235.5
  yaw: 0.0
  pitch: 0.0
logoutlocation:
  world: world
  x: -203.99709100953712
  y: 58.0
  z: 252.85239177777072
  yaw: -266.6899
  pitch: 21.167572
