timestamps:
  login: 1646144905241
  logout: 1646144958188
ipAddress: 127.0.0.1
lastlocation:
  world: world
  x: -214.5
  y: 70.0
  z: 223.5
  yaw: 0.0
  pitch: 0.0
logoutlocation:
  world: world
  x: -210.5
  y: 67.0
  z: 249.5
  yaw: -2.3899014
  pitch: 0.91757107
