timestamps:
  login: 1646167877798
  logout: 1646167893009
ipAddress: 127.0.0.1
lastlocation:
  world: world
  x: -216.5
  y: 66.0
  z: 261.5
  yaw: 0.0
  pitch: 0.0
logoutlocation:
  world: world
  x: -210.5
  y: 67.0
  z: 248.5
  yaw: -2.2399013
  pitch: 0.91757107
