timestamps:
  login: 1643836688477
  logout: 1643836711496
ipAddress: 127.0.0.1
lastlocation:
  world: world
  x: -203.5
  y: 68.0
  z: 265.5
  yaw: 0.0
  pitch: 0.0
logoutlocation:
  world: world
  x: -210.5
  y: 67.0
  z: 249.5
  yaw: -0.5899048
  pitch: 88.36758
