timestamps:
  login: 1645995560999
  logout: 1645995569219
ipAddress: 127.0.0.1
lastlocation:
  world: world
  x: -214.5
  y: 66.0
  z: 252.5
  yaw: 0.0
  pitch: 0.0
logoutlocation:
  world: world
  x: -211.5
  y: 67.0
  z: 249.5
  yaw: -2.2399013
  pitch: 0.91757107
