timestamps:
  login: 1645543251518
  logout: 1645543267857
ipAddress: 127.0.0.1
lastlocation:
  world: world
  x: -196.5
  y: 70.0
  z: 238.5
  yaw: 0.0
  pitch: 0.0
logoutlocation:
  world: world
  x: -215.64268962765618
  y: 46.0
  z: 267.30000001192093
  yaw: 186.16011
  pitch: 47.700012
