timestamps:
  login: 1643754133782
  logout: 1643754266126
ipAddress: 127.0.0.1
lastlocation:
  world: world
  x: -230.5
  y: 76.0
  z: 248.5
  yaw: 0.0
  pitch: 0.0
logoutlocation:
  world: world
  x: -226.69999998807907
  y: 61.0
  z: 284.71543862478273
  yaw: 155.71011
  pitch: -90.0
