timestamps:
  login: 1643656606114
  logout: 1643656731229
ipAddress: 127.0.0.1
lastlocation:
  world: world
  x: -193.5
  y: 72.0
  z: 257.5
  yaw: 0.0
  pitch: 0.0
logoutlocation:
  world: world
  x: -138.46760102210408
  y: 68.0
  z: 274.37215434710197
  yaw: -68.089935
  pitch: 48.149998
