timestamps:
  login: 1646427609519
  logout: 1646427719629
ipAddress: 127.0.0.1
lastlocation:
  world: world
  x: -206.5
  y: 66.0
  z: 254.5
  yaw: 0.0
  pitch: 0.0
logoutlocation:
  world: world
  x: -210.5
  y: 64.0
  z: 249.5
  yaw: -2.2399013
  pitch: 0.91757107
