timestamps:
  login: 1646067229446
  logout: 1646067252506
ipAddress: 127.0.0.1
lastlocation:
  world: world
  x: -201.5
  y: 75.0
  z: 239.5
  yaw: 0.0
  pitch: 0.0
logoutlocation:
  world: world
  x: -210.5
  y: 68.0
  z: 249.5
  yaw: -2.2399013
  pitch: 0.91757107
