timestamps:
  login: 1643647145339
  logout: 1643647188076
ipAddress: 127.0.0.1
lastlocation:
  world: world
  x: -217.1038923156794
  y: 68.0
  z: 242.27677531550705
  yaw: 33.910126
  pitch: 33.017574
logoutlocation:
  world: world
  x: -217.78691589334858
  y: 68.0
  z: 242.942327466729
  yaw: 33.910126
  pitch: 33.017574
