timestamps:
  login: 1643646813811
  logout: 1643646872911
ipAddress: 127.0.0.1
lastlocation:
  world: world
  x: -199.5
  y: 77.0
  z: 224.5
  yaw: 0.0
  pitch: 0.0
logoutlocation:
  world: world
  x: -210.5
  y: 67.0
  z: 249.5
  yaw: -0.5899048
  pitch: 89.41758
