timestamps:
  login: 1646146355817
  logout: 1646148607210
ipAddress: 127.0.0.1
lastlocation:
  world: world
  x: -233.30000001192093
  y: 66.41999998688698
  z: 324.68829272713714
  yaw: 133.3601
  pitch: 33.00001
logoutlocation:
  world: world
  x: -289.30000001192093
  y: 65.0
  z: 356.63360614989307
  yaw: -66.13995
  pitch: 35.549995
