timestamps:
  login: 1643602362339
  logout: 1643602406488
ipAddress: 127.0.0.1
lastlocation:
  world: world
  x: -235.5
  y: 69.0
  z: 234.5
  yaw: 0.0
  pitch: 0.0
logoutlocation:
  world: world
  x: -210.5
  y: 67.0
  z: 249.5
  yaw: -1.3399049
  pitch: 89.117584
