timestamps:
  login: 1643725425094
  logout: 1643725490677
ipAddress: 127.0.0.1
lastlocation:
  world: world
  x: -217.5
  y: 70.0
  z: 234.5
  yaw: 0.0
  pitch: 0.0
logoutlocation:
  world: world
  x: -199.89853404319382
  y: 69.0
  z: 252.03182250228468
  yaw: -124.489914
  pitch: -38.232433
