timestamps:
  login: 1646071813439
  logout: 1646071820399
ipAddress: 127.0.0.1
lastlocation:
  world: world
  x: -207.5
  y: 68.0
  z: 263.5
  yaw: 0.0
  pitch: 0.0
logoutlocation:
  world: world
  x: -210.5
  y: 68.0
  z: 249.5
  yaw: -2.0899012
  pitch: 1.9675711
