timestamps:
  login: 1643633376729
  logout: 1643633514867
ipAddress: 127.0.0.1
lastlocation:
  world: world
  x: -190.5
  y: 70.0
  z: 253.5
  yaw: 0.0
  pitch: 0.0
logoutlocation:
  world: world
  x: -71.38371346777738
  y: 63.0
  z: 42.84159082141025
  yaw: -127.33991
  pitch: 16.050009
