timestamps:
  login: 1643665637524
  lastteleport: 1643666116487
  logout: 1643666117023
ipAddress: 127.0.0.1
lastlocation:
  world: world
  x: -210.3046404383045
  y: 67.0
  z: 249.54926548148748
  yaw: -0.5899048
  pitch: 89.41758
logoutlocation:
  world: world
  x: -420.5
  y: 63.0
  z: 211.5
  yaw: 10.360099
  pitch: 31.049995
