timestamps:
  login: 1643734424676
  lastteleport: 1643735199131
  logout: 1643734395676
ipAddress: 127.0.0.1
lastlocation:
  world: world
  x: -210.3046404383045
  y: 67.0
  z: 249.54926548148748
  yaw: -0.5899048
  pitch: 89.41758
logoutlocation:
  world: world
  x: -170.31621889355674
  y: 70.0
  z: 228.69999998807907
  yaw: 323.11014
  pitch: 5.3999925
