timestamps:
  login: 1646181450448
  logout: 1646181511506
ipAddress: 127.0.0.1
lastlocation:
  world: world
  x: -78.69999998807907
  y: 61.582309611255205
  z: 367.69999998807907
  yaw: -120.20004
  pitch: -13.80001
afk: false
logoutlocation:
  world: world
  x: -210.49250382019562
  y: 71.0
  z: 249.91426754124666
  yaw: -4.0399013
  pitch: 0.16757101
