timestamps:
  login: 1646064998788
  logout: 1646065106718
ipAddress: 127.0.0.1
lastlocation:
  world: world
  x: -235.5
  y: 70.0
  z: 236.5
  yaw: 0.0
  pitch: 0.0
logoutlocation:
  world: world
  x: -205.68296136557717
  y: 68.0
  z: 262.8620652738414
  yaw: 64.060104
  pitch: -36.899994
