timestamps:
  login: 1646923547874
  logout: 1646924343591
ipAddress: 127.0.0.1
lastlocation:
  world: world
  x: -220.5
  y: 67.0
  z: 223.5
  yaw: 0.0
  pitch: 0.0
logoutlocation:
  world: world
  x: 18.604056693338947
  y: 45.0
  z: 256.74518482063434
  yaw: 83.71008
  pitch: 30.000011
