timestamps:
  login: 1643690038813
  logout: 1643690062663
ipAddress: 127.0.0.1
lastlocation:
  world: world
  x: -219.5
  y: 66.0
  z: 259.5
  yaw: 0.0
  pitch: 0.0
logoutlocation:
  world: world
  x: -210.5
  y: 67.0
  z: 249.5
  yaw: -5.689905
  pitch: 82.217575
