timestamps:
  login: 1645811652564
  logout: 1645811711062
ipAddress: 127.0.0.1
lastlocation:
  world: world
  x: -226.5
  y: 67.0
  z: 230.5
  yaw: 0.0
  pitch: 0.0
logoutlocation:
  world: world
  x: -210.5
  y: 67.0
  z: 249.5
  yaw: -0.5899048
  pitch: 89.41758
