timestamps:
  login: 1646404056386
ipAddress: 127.0.0.1
lastlocation:
  world: world
  x: -232.5
  y: 69.0
  z: 234.5
  yaw: 0.0
  pitch: 0.0
logoutlocation:
  world: world
  x: -207.30000001192093
  y: 58.0
  z: 250.4366178646079
  yaw: 6.1600995
  pitch: -24.00001
