timestamps:
  login: 1643648430100
  logout: 1643648440396
ipAddress: 127.0.0.1
lastlocation:
  world: world
  x: -219.5
  y: 68.0
  z: 242.5
  yaw: 0.0
  pitch: 0.0
logoutlocation:
  world: world
  x: -210.5
  y: 67.0
  z: 249.5
  yaw: -0.28990474
  pitch: 86.11758
