timestamps:
  login: 1643645563866
  logout: 1643645620411
ipAddress: 127.0.0.1
lastlocation:
  world: world
  x: -223.5
  y: 68.0
  z: 232.5
  yaw: 0.0
  pitch: 0.0
logoutlocation:
  world: world
  x: -210.5
  y: 67.0
  z: 249.5
  yaw: -0.13990474
  pitch: 86.71758
