timestamps:
  login: 1646417542868
  logout: 1646418311034
ipAddress: 127.0.0.1
lastlocation:
  world: world
  x: -97.63967113176231
  y: 64.0
  z: 740.1423906640074
  yaw: -140.9219
  pitch: 27.482903
logoutlocation:
  world: world
  x: -210.49250382019562
  y: 64.0
  z: 249.91426754124666
  yaw: 65.68309
  pitch: -74.27605
