timestamps:
  login: 1643743042890
  logout: 1643743078557
ipAddress: 127.0.0.1
lastlocation:
  world: world
  x: -193.5
  y: 68.0
  z: 267.5
  yaw: 0.0
  pitch: 0.0
logoutlocation:
  world: world
  x: -210.4991882753783
  y: 67.0
  z: 249.55702365636338
  yaw: 2.1100955
  pitch: 90.0
