timestamps:
  login: 1646165810411
  logout: 1646165993304
ipAddress: 127.0.0.1
lastlocation:
  world: world
  x: -195.5
  y: 71.0
  z: 224.5
  yaw: 0.0
  pitch: 0.0
logoutlocation:
  world: world
  x: -105.30000001192093
  y: 63.0
  z: 262.69999998807907
  yaw: 298.9601
  pitch: 2.099992
