timestamps:
  login: 1646181971988
  logout: 1646182005666
ipAddress: 127.0.0.1
lastlocation:
  world: world
  x: -225.5
  y: 69.0
  z: 251.5
  yaw: 0.0
  pitch: 0.0
logoutlocation:
  world: world
  x: -210.5
  y: 67.0
  z: 250.5
  yaw: -2.6899014
  pitch: -6.7324295
