timestamps:
  login: 1646924108905
  logout: 1646924145108
ipAddress: 127.0.0.1
lastlocation:
  world: world
  x: -191.5
  y: 70.0
  z: 274.5
  yaw: 0.0
  pitch: 0.0
logoutlocation:
  world: world
  x: -210.5
  y: 65.0
  z: 249.5
  yaw: -2.2399013
  pitch: 0.91757107
