timestamps:
  login: 1643653777833
  logout: 1643653817883
ipAddress: 127.0.0.1
lastlocation:
  world: world
  x: -215.5
  y: 69.0
  z: 234.5
  yaw: 0.0
  pitch: 0.0
logoutlocation:
  world: world
  x: -210.5
  y: 67.0
  z: 249.5
  yaw: -0.5899048
  pitch: 89.41758
