timestamps:
  login: 1645871031010
  logout: 1645871060971
ipAddress: 127.0.0.1
lastlocation:
  world: world
  x: -229.5
  y: 72.0
  z: 228.5
  yaw: 0.0
  pitch: 0.0
logoutlocation:
  world: world
  x: -210.5
  y: 67.0
  z: 249.5
  yaw: -0.91046035
  pitch: 86.07828
