timestamps:
  login: 1643591661403
  logout: 1643591719553
ipAddress: 127.0.0.1
lastlocation:
  world: world
  x: -188.5
  y: 69.0
  z: 267.5
  yaw: 0.0
  pitch: 0.0
logoutlocation:
  world: world
  x: -210.5
  y: 67.0
  z: 249.5
  yaw: -4.039905
  pitch: 86.56758
