timestamps:
  login: 1643666299523
  logout: 1643666322025
ipAddress: 127.0.0.1
lastlocation:
  world: world
  x: -200.5
  y: 70.0
  z: 233.5
  yaw: 0.0
  pitch: 0.0
logoutlocation:
  world: world
  x: -210.5
  y: 67.0
  z: 249.5
  yaw: -0.73990476
  pitch: 87.46758
