timestamps:
  login: 1645797100517
  logout: 1645797182067
ipAddress: 127.0.0.1
lastlocation:
  world: world
  x: -203.5
  y: 69.0
  z: 238.5
  yaw: 0.0
  pitch: 0.0
logoutlocation:
  world: world
  x: -197.27668062281577
  y: 72.0
  z: 310.43474075730103
  yaw: -54.139954
  pitch: 9.749992
