timestamps:
  login: 1646428959765
  logout: 1646428946406
ipAddress: 127.0.0.1
lastlocation:
  world: world
  x: -210.30000001192093
  y: 38.0
  z: 254.69999998807907
  yaw: -92.839935
  pitch: 13.517572
logoutlocation:
  world: world
  x: -210.5
  y: 64.0
  z: 249.5
  yaw: -2.2399013
  pitch: 0.91757107
