timestamps:
  login: 1646369706426
  logout: 1646369748139
ipAddress: 127.0.0.1
lastlocation:
  world: world
  x: -224.5
  y: 66.0
  z: 247.5
  yaw: 0.0
  pitch: 0.0
logoutlocation:
  world: world
  x: -210.5
  y: 64.0
  z: 249.5
  yaw: -2.6899014
  pitch: 2.117571
