timestamps:
  login: 1643814957885
  logout: 1643815081262
ipAddress: 127.0.0.1
lastlocation:
  world: world
  x: -209.5
  y: 70.0
  z: 224.5
  yaw: 0.0
  pitch: 0.0
logoutlocation:
  world: world
  x: -210.5
  y: 67.0
  z: 249.5
  yaw: -0.5899048
  pitch: 87.76758
