timestamps:
  login: 1646335479648
  logout: 1646336541299
ipAddress: 127.0.0.1
lastlocation:
  world: world
  x: -308.5478489993313
  y: 69.53584062504456
  z: 247.37425474897373
  yaw: -122.83991
  pitch: 21.599997
logoutlocation:
  world: world
  x: -142.4875944840719
  y: 69.0
  z: 215.54277232896203
  yaw: -229.33997
  pitch: 15.449993
