timestamps:
  login: 1646925019989
  logout: 1646925056979
ipAddress: 127.0.0.1
lastlocation:
  world: world
  x: -192.5
  y: 75.0
  z: 262.5
  yaw: 0.0
  pitch: 0.0
logoutlocation:
  world: world
  x: -210.5
  y: 65.0
  z: 249.5
  yaw: -2.2399013
  pitch: 0.91757107
