timestamps:
  login: 1643633853469
  logout: 1643633927776
ipAddress: 127.0.0.1
lastlocation:
  world: world
  x: -211.5
  y: 74.0
  z: 254.5
  yaw: 0.0
  pitch: 0.0
logoutlocation:
  world: world
  x: -193.74172809360206
  y: 70.0
  z: 246.99697500975407
  yaw: 51.31012
  pitch: -90.0
