timestamps:
  login: 1643734827231
  logout: 1643734885676
ipAddress: 127.0.0.1
lastlocation:
  world: world
  x: -189.5
  y: 70.0
  z: 243.5
  yaw: 0.0
  pitch: 0.0
logoutlocation:
  world: world
  x: -210.5
  y: 67.0
  z: 249.5
  yaw: -1.789905
  pitch: 87.31758
