timestamps:
  login: 1646237472959
  logout: 1643595454553
ipAddress: 127.0.0.1
lastlocation:
  world: world
  x: -204.5
  y: 68.0
  z: 255.5
  yaw: 0.0
  pitch: 0.0
logoutlocation:
  world: world
  x: -253.30000001192093
  y: 61.0
  z: 421.69999998807907
  yaw: 133.81017
  pitch: -30.299995
