timestamps:
  login: 1643844082909
  logout: 1643844098609
ipAddress: 127.0.0.1
lastlocation:
  world: world
  x: -190.5
  y: 73.0
  z: 225.5
  yaw: 0.0
  pitch: 0.0
logoutlocation:
  world: world
  x: -210.5
  y: 67.0
  z: 249.5
  yaw: -0.5899048
  pitch: 89.41758
