timestamps:
  login: 1646406175681
ipAddress: 127.0.0.1
lastlocation:
  world: world
  x: -210.5
  y: 69.0
  z: 245.5
  yaw: 0.0
  pitch: 0.0
logoutlocation:
  world: world
  x: -220.32228995582474
  y: 66.0
  z: 337.69999998807907
  yaw: 179.86041
  pitch: -3.9000084
