timestamps:
  login: 1646144488741
  lastteleport: 1646144626266
  logout: 1646144738188
ipAddress: 127.0.0.1
lastlocation:
  world: world
  x: -210.49250382019562
  y: 67.0
  z: 249.91426754124666
  yaw: 30.310102
  pitch: 10.967572
logoutlocation:
  world: world
  x: -182.30000001192093
  y: 69.0
  z: 304.2525253529851
  yaw: 55.510254
  pitch: 7.817572
