timestamps:
  login: 1646060098179
ipAddress: 127.0.0.1
lastlocation:
  world: world
  x: -225.5
  y: 71.0
  z: 236.5
  yaw: 0.0
  pitch: 0.0
logoutlocation:
  world: world
  x: -211.5
  y: 68.0
  z: 249.5
  yaw: -2.2399013
  pitch: 0.91757107
