timestamps:
  login: 1646060089596
  logout: 1646060089765
ipAddress: 127.0.0.1
lastlocation:
  world: world
  x: -201.5
  y: 69.0
  z: 253.5
  yaw: 0.0
  pitch: 0.0
logoutlocation:
  world: world
  x: -241.83516735509312
  y: 68.0
  z: 212.7215493951747
  yaw: -81.296486
  pitch: 67.72447
