timestamps:
  login: 1646416811032
ipAddress: 127.0.0.1
lastlocation:
  world: world
  x: -208.5
  y: 66.0
  z: 262.5
  yaw: 0.0
  pitch: 0.0
afk: false
logoutlocation:
  world: world
  x: -210.5
  y: 64.0
  z: 249.5
  yaw: -0.5899011
  pitch: 4.3675714
