timestamps:
  login: 1646167423604
  logout: 1646167523875
ipAddress: 127.0.0.1
lastlocation:
  world: world
  x: -177.69999998807907
  y: 66.0
  z: 197.14783249035222
  yaw: 128.26012
  pitch: -73.182434
logoutlocation:
  world: world
  x: -210.49250382019562
  y: 70.0
  z: 249.91426754124666
  yaw: -188.08992
  pitch: 69.15
