timestamps:
  login: 1646402811781
  logout: 1646402908603
ipAddress: 127.0.0.1
lastlocation:
  world: world
  x: -261.5125725461121
  y: 67.0
  z: 359.4660927581323
  yaw: -8.239861
  pitch: 78.30002
logoutlocation:
  world: world
  x: -210.26982723711478
  y: 64.94199995994562
  z: 250.37346267585153
  yaw: 62.560097
  pitch: 54.017574
