timestamps:
  login: 1643645228552
  logout: 1643645287679
ipAddress: 127.0.0.1
lastlocation:
  world: world
  x: -204.5
  y: 68.0
  z: 265.5
  yaw: 0.0
  pitch: 0.0
logoutlocation:
  world: world
  x: -211.26160764596892
  y: 67.0
  z: 251.71299989899586
  yaw: 66.460144
  pitch: 5.717572
