timestamps:
  login: 1646078205638
  logout: 1646078341211
ipAddress: 127.0.0.1
lastlocation:
  world: world
  x: -220.5
  y: 69.0
  z: 235.5
  yaw: 0.0
  pitch: 0.0
logoutlocation:
  world: world
  x: -210.5
  y: 68.0
  z: 249.5
  yaw: -5.2399015
  pitch: -0.7324291
