timestamps:
  login: 1646413976762
  logout: 1646413688373
ipAddress: 127.0.0.1
lastlocation:
  world: world
  x: -221.5
  y: 66.0
  z: 243.5
  yaw: 0.0
  pitch: 0.0
logoutlocation:
  world: world
  x: -200.91623364799207
  y: 78.0
  z: 362.6985155717809
  yaw: -273.88992
  pitch: -3.5824301
