timestamps:
  login: 1643779875094
  logout: 1643779933453
ipAddress: 127.0.0.1
lastlocation:
  world: world
  x: -222.5
  y: 75.0
  z: 244.5
  yaw: 0.0
  pitch: 0.0
logoutlocation:
  world: world
  x: -210.5
  y: 67.0
  z: 249.5
  yaw: -1.0399048
  pitch: 88.66758
