timestamps:
  login: 1646078243461
  logout: 1646078359233
ipAddress: 127.0.0.1
lastlocation:
  world: world
  x: -235.5
  y: 71.0
  z: 244.5
  yaw: 0.0
  pitch: 0.0
logoutlocation:
  world: world
  x: -210.5
  y: 68.0
  z: 249.5
  yaw: -2.0899012
  pitch: 0.91757107
