timestamps:
  login: 1645304289641
  logout: 1645304411161
ipAddress: 127.0.0.1
lastlocation:
  world: world
  x: -192.5
  y: 74.0
  z: 224.5
  yaw: 0.0
  pitch: 0.0
logoutlocation:
  world: world
  x: -185.89114316618907
  y: 65.0
  z: 194.71430445905568
  yaw: 289.66013
  pitch: 16.800009
