timestamps:
  login: 1646938337535
  logout: 1646938353525
ipAddress: 127.0.0.1
lastlocation:
  world: world
  x: -223.5
  y: 68.0
  z: 235.5
  yaw: 0.0
  pitch: 0.0
logoutlocation:
  world: world
  x: -210.5
  y: 64.0
  z: 249.5
  yaw: -1.4899013
  pitch: 0.317571
