timestamps:
  login: 1646134634897
  logout: 1646134666526
ipAddress: 127.0.0.1
lastlocation:
  world: world
  x: -214.5
  y: 65.0
  z: 270.5
  yaw: 0.0
  pitch: 0.0
logoutlocation:
  world: world
  x: -211.5
  y: 69.0
  z: 249.5
  yaw: -1.3399012
  pitch: 3.0175712
