timestamps:
  login: 1643738229666
  logout: 1643738934613
ipAddress: 127.0.0.1
lastlocation:
  world: world
  x: -185.5
  y: 70.0
  z: 235.5
  yaw: 0.0
  pitch: 0.0
logoutlocation:
  world: world
  x: -142.30000001192093
  y: 71.0
  z: 366.1917933868939
  yaw: 150.91013
  pitch: 45.599995
