timestamps:
  login: 1645825459088
  logout: 1645825475701
ipAddress: 127.0.0.1
lastlocation:
  world: world
  x: -67.30000001192093
  y: 5.0
  z: 261.69999998807907
  yaw: 137.86023
  pitch: 62.100014
logoutlocation:
  world: world
  x: -210.88863474273953
  y: 68.0
  z: 247.30000001192093
  yaw: 158.26012
  pitch: 29.417574
