timestamps:
  login: 1645918813531
  logout: 1645918872416
ipAddress: 127.0.0.1
lastlocation:
  world: world
  x: -206.5
  y: 67.0
  z: 249.5
  yaw: 0.0
  pitch: 0.0
logoutlocation:
  world: world
  x: -211.5
  y: 67.0
  z: 249.5
  yaw: -11.389902
  pitch: 2.5675712
