lastlocation:
  world: world
  x: -126.30000001192093
  y: 10.326720820868772
  z: 68.69999998807907
  yaw: -35.390137
  pitch: 41.399998
timestamps:
  login: 1645419278748
  logout: 1645420270639
ipAddress: 127.0.0.1
logoutlocation:
  world: world
  x: -210.3046404383045
  y: 67.0
  z: 249.54926548148748
  yaw: 0.91009533
  pitch: 90.0
