timestamps:
  login: 1643642154295
  logout: 1643642613744
ipAddress: 127.0.0.1
lastlocation:
  world: world
  x: -232.5
  y: 71.0
  z: 261.5
  yaw: 0.0
  pitch: 0.0
logoutlocation:
  world: world
  x: -220.69999998807907
  y: 55.0
  z: 203.69999998807907
  yaw: -102.833664
  pitch: 86.7
