timestamps:
  login: 1643730468927
  logout: 1643730613176
ipAddress: 127.0.0.1
lastlocation:
  world: world
  x: -142.21335636072928
  y: 70.09044750094368
  z: 287.9002067475825
  yaw: -95.089935
  pitch: 22.817574
logoutlocation:
  world: world
  x: -210.3046404383045
  y: 67.0
  z: 249.54926548148748
  yaw: 87.7601
  pitch: -22.78243
