timestamps:
  login: 1646153412698
  lastteleport: 1646154314368
  logout: 1646154323904
ipAddress: 127.0.0.1
lastlocation:
  world: world
  x: -210.49250382019562
  y: 67.0
  z: 249.91426754124666
  yaw: 13.9601
  pitch: 1.5175711
nickname: wall_builder69
logoutlocation:
  world: world
  x: -103.38505518616311
  y: 68.0
  z: 78.66661802917739
  yaw: 270.8538
  pitch: 12.599993
