timestamps:
  login: 1646331215591
  logout: 1646331575268
ipAddress: 127.0.0.1
lastlocation:
  world: world
  x: -221.35574374219692
  y: 70.00133597911214
  z: 322.58999069930894
  yaw: 223.96011
  pitch: 5.2675714
logoutlocation:
  world: world
  x: 265.31697866099995
  y: 70.0
  z: 502.2688448613171
  yaw: 169.8103
  pitch: 52.667576
