timestamps:
  login: 1646924411397
  logout: 1646924427917
ipAddress: 127.0.0.1
lastlocation:
  world: world
  x: -188.5
  y: 68.0
  z: 267.5
  yaw: 0.0
  pitch: 0.0
logoutlocation:
  world: world
  x: -210.5
  y: 65.0
  z: 249.5
  yaw: -5.3899016
  pitch: 1.8175712
