timestamps:
  login: 1646924308710
  logout: 1646924311182
ipAddress: 127.0.0.1
lastlocation:
  world: world
  x: -211.5
  y: 66.0
  z: 268.5
  yaw: 0.0
  pitch: 0.0
logoutlocation:
  world: world
  x: -210.5
  y: 65.0
  z: 249.5
  yaw: -2.2399013
  pitch: 0.91757107
