timestamps:
  login: 1643655557042
  logout: 1643655629838
ipAddress: 127.0.0.1
lastlocation:
  world: world
  x: -174.86798544957057
  y: 71.0
  z: 241.07925119442615
  yaw: -168.73991
  pitch: 16.649994
logoutlocation:
  world: world
  x: -231.72818908651436
  y: 71.0
  z: 288.30000001192093
  yaw: 168.16016
  pitch: 16.517572
