timestamps:
  login: 1643828885322
  logout: 1643828943871
ipAddress: 127.0.0.1
lastlocation:
  world: world
  x: -211.0914622127225
  y: 70.0
  z: 236.30000001192093
  yaw: -147.28992
  pitch: 16.967573
logoutlocation:
  world: world
  x: -210.3046404383045
  y: 67.0
  z: 249.54926548148748
  yaw: -1.1899048
  pitch: 88.66758
