timestamps:
  login: 1646155133274
  logout: 1646155145824
ipAddress: 127.0.0.1
lastlocation:
  world: world
  x: -231.5
  y: 69.0
  z: 241.5
  yaw: 0.0
  pitch: 0.0
logoutlocation:
  world: world
  x: -210.5
  y: 67.0
  z: 249.5
  yaw: -2.2399013
  pitch: 1.8175712
