timestamps:
  login: 1643596320703
  logout: 1643597712053
ipAddress: 127.0.0.1
lastlocation:
  world: world
  x: -232.5
  y: 69.0
  z: 239.5
  yaw: 0.0
  pitch: 0.0
logoutlocation:
  world: world
  x: -211.1987495469697
  y: 59.0
  z: 251.16546668853192
  yaw: -42.889984
  pitch: -3.8999922
