timestamps:
  login: 1646230036326
  lastteleport: 1646230251279
  logout: 1646230280480
ipAddress: 127.0.0.1
lastlocation:
  world: world
  x: -210.49250382019562
  y: 67.0
  z: 249.91426754124666
  yaw: -2.2399013
  pitch: 0.91757107
logoutlocation:
  world: world
  x: 13.268329727645806
  y: 73.0
  z: 129.4157387541199
  yaw: 74.41022
  pitch: 51.899998
afk: false
