timestamps:
  login: 1643650821503
  logout: 1643652341959
ipAddress: 127.0.0.1
lastlocation:
  world: world
  x: -216.69999998807907
  y: 59.0
  z: 247.30000001192093
  yaw: 191.71011
  pitch: 18.149994
logoutlocation:
  world: world
  x: -216.69999998807907
  y: 59.0
  z: 247.30000001192093
  yaw: 191.71011
  pitch: 18.149994
afk: false
