timestamps:
  login: 1647349426486
  lastteleport: 1645667518850
  logout: 1647349432781
ipAddress: 127.0.0.1
lastlocation:
  world: world
  x: -219.5
  y: 62.0
  z: 241.5
  yaw: 0.0
  pitch: 0.0
logoutlocation:
  world: world
  x: -211.5
  y: 67.0
  z: 249.5
  yaw: -2.0899012
  pitch: 1.6675712
