timestamps:
  login: 1646923475541
  lastteleport: 1646923861046
  logout: 1646924241288
ipAddress: 127.0.0.1
lastlocation:
  world: world
  x: -210.49250382019562
  y: 67.0
  z: 249.91426754124666
  yaw: -2.2399013
  pitch: 0.91757107
logoutlocation:
  world: world
  x: 633.8138920202791
  y: 79.0
  z: 2401.6077276772
  yaw: 175.74396
  pitch: 24.899994
