timestamps:
  login: 1646081453217
  lastteleport: 1646081191151
ipAddress: 127.0.0.1
lastlocation:
  world: world
  x: -209.5
  y: 70.0
  z: 231.5
  yaw: 0.0
  pitch: 0.0
homes:
  home:
    world: world
    x: -195.83120807247158
    y: 68.0
    z: 266.7130177674066
    yaw: -51.739906
    pitch: 15.317573
