timestamps:
  login: 1643825800834
  logout: 1643825875120
ipAddress: 127.0.0.1
lastlocation:
  world: world
  x: -201.5
  y: 69.0
  z: 238.5
  yaw: 0.0
  pitch: 0.0
logoutlocation:
  world: world
  x: -208.55907089603843
  y: 68.0
  z: 243.30000001192093
  yaw: 194.41017
  pitch: -90.0
