timestamps:
  login: 1646181883180
  lastteleport: 1646182702871
  logout: 1646183029182
ipAddress: 127.0.0.1
lastlocation:
  world: world
  x: -210.49250382019562
  y: 71.0
  z: 249.91426754124666
  yaw: -2.2399013
  pitch: 0.91757107
logoutlocation:
  world: world
  x: 65.63354271284913
  y: 32.0
  z: 94.30000001192091
  yaw: -225.59033
  pitch: 90.0
