timestamps:
  login: 1646336003579
  lastteleport: 1646336536631
  logout: 1646336645923
ipAddress: 127.0.0.1
lastlocation:
  world: world
  x: -210.49250382019562
  y: 65.0
  z: 249.91426754124666
  yaw: -2.2399013
  pitch: 0.91757107
logoutlocation:
  world: world
  x: -218.29182591168586
  y: 56.0
  z: 250.66066178582147
  yaw: 262.9602
  pitch: 23.699995
