timestamps:
  login: 1646403678287
  logout: 1646403745952
ipAddress: 127.0.0.1
lastlocation:
  world: world
  x: -232.5
  y: 69.0
  z: 238.5
  yaw: 0.0
  pitch: 0.0
logoutlocation:
  world: world
  x: -201.1495069711736
  y: 69.0
  z: 238.92086614913842
  yaw: 286.2101
  pitch: 24.317574
