timestamps:
  login: 1646404879691
ipAddress: 127.0.0.1
lastlocation:
  world: world
  x: -225.5
  y: 68.0
  z: 238.5
  yaw: 0.0
  pitch: 0.0
logoutlocation:
  world: world
  x: 30.537964478904605
  y: 64.0
  z: 290.01036785364397
  yaw: -152.53992
  pitch: 43.949997
