timestamps:
  login: 1646170926203
  logout: 1646171196773
ipAddress: 127.0.0.1
lastlocation:
  world: world
  x: -228.5
  y: 71.0
  z: 274.5
  yaw: 0.0
  pitch: 0.0
logoutlocation:
  world: world
  x: -497.6260849582749
  y: 70.0
  z: 332.16958560616075
  yaw: 92.710205
  pitch: 48.899998
