timestamps:
  login: 1643737283113
  logout: 1643737302113
ipAddress: 127.0.0.1
lastlocation:
  world: world
  x: -203.5
  y: 68.0
  z: 247.5
  yaw: 0.0
  pitch: 0.0
logoutlocation:
  world: world
  x: -210.5
  y: 67.0
  z: 249.5
  yaw: -0.7399048
  pitch: 89.41758
