timestamps:
  login: 1646416473802
ipAddress: 127.0.0.1
lastlocation:
  world: world
  x: -222.5
  y: 66.0
  z: 245.5
  yaw: 0.0
  pitch: 0.0
logoutlocation:
  world: world
  x: -276.6271899162215
  y: 72.0
  z: 233.119434263136
  yaw: -203.53992
  pitch: 26.099995
