timestamps:
  login: 1646415612293
  logout: 1646398799846
ipAddress: 127.0.0.1
lastlocation:
  world: world
  x: -346.56363191495075
  y: 58.0
  z: 380.58538362027093
  yaw: 145.5476
  pitch: -19.20001
logoutlocation:
  world: world
  x: -210.49250382019562
  y: 67.0
  z: 249.91426754124666
  yaw: -2.2399013
  pitch: 0.91757107
