timestamps:
  login: 1646258768771
  logout: 1646258967401
ipAddress: 127.0.0.1
lastlocation:
  world: world
  x: -233.5
  y: 71.0
  z: 262.5
  yaw: 0.0
  pitch: 0.0
logoutlocation:
  world: world
  x: -305.2338838455844
  y: 72.0
  z: 140.4750472715903
  yaw: 177.7602
  pitch: 28.650011
