timestamps:
  login: 1647635541389
  lastteleport: 1643583511142
  logout: 1647635595314
ipAddress: 127.0.0.1
lastlocation:
  world: world
  x: -233.5
  y: 64.0
  z: 269.5
  yaw: 0.0
  pitch: 0.0
afk: false
logoutlocation:
  world: world
  x: -210.5
  y: 67.0
  z: 252.5
  yaw: 358.51016
  pitch: 18.450008
