timestamps:
  login: 1645800033364
  logout: 1645800052066
ipAddress: 127.0.0.1
lastlocation:
  world: world
  x: -226.5
  y: 70.0
  z: 271.5
  yaw: 0.0
  pitch: 0.0
logoutlocation:
  world: world
  x: -208.71054831597513
  y: 67.0
  z: 247.8086642245225
  yaw: 132.46011
  pitch: 33.617573
