timestamps:
  login: 1643735117972
  logout: 1643735128176
ipAddress: 127.0.0.1
lastlocation:
  world: world
  x: -213.5
  y: 74.0
  z: 246.5
  yaw: 0.0
  pitch: 0.0
logoutlocation:
  world: world
  x: -210.5
  y: 67.0
  z: 249.5
  yaw: -0.43990478
  pitch: 88.96758
