timestamps:
  login: 1643735082083
  logout: 1643735088176
ipAddress: 127.0.0.1
lastlocation:
  world: world
  x: -229.5
  y: 70.0
  z: 259.5
  yaw: 0.0
  pitch: 0.0
logoutlocation:
  world: world
  x: -210.5
  y: 67.0
  z: 249.5
  yaw: 1.3600954
  pitch: 82.96758
