timestamps:
  login: 1643735144776
  logout: 1643735218176
ipAddress: 127.0.0.1
lastlocation:
  world: world
  x: -235.5
  y: 72.0
  z: 249.5
  yaw: 0.0
  pitch: 0.0
logoutlocation:
  world: world
  x: -210.5
  y: 67.0
  z: 249.5
  yaw: -1.0399048
  pitch: 44.549995
