timestamps:
  login: 1646411554957
ipAddress: 127.0.0.1
lastlocation:
  world: world
  x: -203.5
  y: 70.0
  z: 223.5
  yaw: 0.0
  pitch: 0.0
logoutlocation:
  world: world
  x: -210.56091855454562
  y: 65.24918707874468
  z: 89.24744106686578
  yaw: 241.66014
  pitch: -2.6999922
