timestamps:
  login: 1646418960012
  logout: 1646419551155
ipAddress: 127.0.0.1
lastlocation:
  world: world
  x: -211.809929366739
  y: 58.015555072702206
  z: 248.2411810204763
  yaw: 33.31012
  pitch: 44.099995
logoutlocation:
  world: world
  x: -234.91469038937527
  y: 64.0
  z: 34.619512198001786
  yaw: 68.335144
  pitch: 45.600014
