timestamps:
  login: 1643657012076
  logout: 1643657188138
ipAddress: 127.0.0.1
lastlocation:
  world: world
  x: -211.53385248500135
  y: 57.0
  z: 252.4754189514446
  yaw: 47.260193
  pitch: 8.549993
