timestamps:
  login: 1646410077728
  logout: 1646410883840
ipAddress: 127.0.0.1
lastlocation:
  world: world
  x: -218.5
  y: 69.0
  z: 225.5
  yaw: 0.0
  pitch: 0.0
logoutlocation:
  world: world
  x: -210.5
  y: 64.0
  z: 249.5
  yaw: -2.2399013
  pitch: 0.91757107
