timestamps:
  login: 1646164010010
  logout: 1646164053358
ipAddress: 127.0.0.1
lastlocation:
  world: world
  x: -223.5
  y: 67.0
  z: 223.5
  yaw: 0.0
  pitch: 0.0
afk: false
logoutlocation:
  world: world
  x: -210.5
  y: 67.0
  z: 248.5
  yaw: 52.060104
  pitch: 18.617573
