timestamps:
  login: 1647003241351
  logout: 1647003248101
ipAddress: 127.0.0.1
lastlocation:
  world: world
  x: -217.5
  y: 63.0
  z: 250.5
  yaw: 0.0
  pitch: 0.0
logoutlocation:
  world: world
  x: -210.48493267843463
  y: 65.0
  z: 250.1358729637127
  yaw: -2.2399013
  pitch: 0.91757107
