timestamps:
  login: 1643648568516
  logout: 1643649256740
ipAddress: 127.0.0.1
lastlocation:
  world: world
  x: -375.0
  y: 85.26636799395752
  z: 167.0
  yaw: 137.7103
  pitch: 35.25001
logoutlocation:
  world: world
  x: -202.18849667691046
  y: 71.0
  z: 224.79396115023326
  yaw: 147.31015
  pitch: 27.917574
