timestamps:
  login: 1643651997529
  logout: 1643652057341
ipAddress: 127.0.0.1
lastlocation:
  world: world
  x: -186.5
  y: 71.0
  z: 239.5
  yaw: 0.0
  pitch: 0.0
logoutlocation:
  world: world
  x: -134.67882967490868
  y: 68.0
  z: 228.3051522376309
  yaw: -103.93993
  pitch: 14.999993
