timestamps:
  login: 1643833312152
  logout: 1643834337978
ipAddress: 127.0.0.1
lastlocation:
  world: world
  x: -235.5
  y: 71.0
  z: 265.5
  yaw: 0.0
  pitch: 0.0
logoutlocation:
  world: world
  x: -131.30000001192093
  y: 70.0
  z: 49.69999998807906
  yaw: -25.339935
  pitch: 46.200012
