timestamps:
  login: 1646248641833
  logout: 1646248642228
  lastteleport: 1646247165627
ipAddress: 127.0.0.1
lastlocation:
  world: world
  x: -138.17738749936623
  y: 10.0
  z: 480.72885091059214
  yaw: 33.01025
  pitch: 24.299994
logoutlocation:
  world: world
  x: -136.3702531410476
  y: 59.0
  z: 505.5328786077857
  yaw: 1.6601193
  pitch: 54.46758
