timestamps:
  login: 1646072955432
  logout: 1646072955429
ipAddress: 127.0.0.1
lastlocation:
  world: world
  x: -219.5
  y: 66.0
  z: 259.5
  yaw: 0.0
  pitch: 0.0
logoutlocation:
  world: world
  x: -76.77355208558257
  y: 64.0
  z: 362.9191058926326
  yaw: -47.989906
  pitch: 38.867573
