timestamps:
  login: 1645905071966
  lastteleport: 1645905095820
  logout: 1645905113706
ipAddress: 127.0.0.1
lastlocation:
  world: world
  x: -210.48875573029343
  y: 67.0
  z: 250.12406192219402
  yaw: -2.2399013
  pitch: 0.91757107
