timestamps:
  login: 1646924144378
  logout: 1646924423879
  lastteleport: 1646924345877
ipAddress: 127.0.0.1
lastlocation:
  world: world
  x: 369.30000001192093
  y: 67.41999998688698
  z: 2824.7478645269234
  yaw: -247.81036
  pitch: 34.949993
logoutlocation:
  world: world_nether
  x: 855.1209247830714
  y: 128.0
  z: 1011.7666183369229
  yaw: 24.750061
  pitch: 4.499999
homes:
  home:
    world: world
    x: -857.8245808905496
    y: 64.0
    z: 1099.7796425810097
    yaw: 333.56335
    pitch: 29.999996
