timestamps:
  login: 1646174982334
  logout: 1646175031199
  lastteleport: 1643652660172
ipAddress: 127.0.0.1
lastlocation:
  world: world
  x: -194.5
  y: 70.0
  z: 240.5
  yaw: 0.0
  pitch: 0.0
logoutlocation:
  world: world
  x: -214.6964849079699
  y: 73.0
  z: 331.10198519853043
  yaw: -359.68994
  pitch: 15.467573
