timestamps:
  login: 1646277888155
  lastteleport: 1646278273319
  logout: 1646278390262
ipAddress: 127.0.0.1
lastlocation:
  world: world
  x: -331.3644629105734
  y: 76.0
  z: 269.91580448168713
  yaw: 186.31012
  pitch: 19.367573
logoutlocation:
  world: world
  x: 56.88817711268996
  y: 64.0
  z: 376.035140370554
  yaw: 244.21011
  pitch: 15.317573
