timestamps:
  login: 1646196161933
  lastteleport: 1646079517547
  logout: 1646196175969
ipAddress: 127.0.0.1
lastlocation:
  world: world
  x: -210.49250382019562
  y: 68.0
  z: 249.91426754124666
  yaw: -1.9399012
  pitch: 0.61757106
logoutlocation:
  world: world
  x: -210.64954230687036
  y: 68.0
  z: 249.46842769164095
  yaw: 279.46014
  pitch: 56.1
