timestamps:
  login: 1643599334907
  logout: 1643599382053
ipAddress: 127.0.0.1
lastlocation:
  world: world
  x: -224.5
  y: 68.0
  z: 256.5
  yaw: 0.0
  pitch: 0.0
logoutlocation:
  world: world
  x: -210.5
  y: 67.0
  z: 249.5
  yaw: -1.1899048
  pitch: 88.21758
