timestamps:
  login: 1646165829411
  lastteleport: 1646165703326
  logout: 1646165835012
ipAddress: 127.0.0.1
lastlocation:
  world: world
  x: -210.69999998807907
  y: 56.0
  z: 248.30000001192093
  yaw: -9.589935
  pitch: 19.517572
logoutlocation:
  world: world
  x: -210.49250382019562
  y: 70.0
  z: 249.91426754124666
  yaw: 12.1601
  pitch: -13.93243
