timestamps:
  login: 1643639802897
  logout: 1643640492345
ipAddress: 127.0.0.1
lastlocation:
  world: world
  x: -108.33064760580743
  y: 7.599158694631007
  z: 136.480402483677
  yaw: -187.48979
  pitch: 19.799994
logoutlocation:
  world: world
  x: -108.33575553812184
  y: 6.989766114033345
  z: 136.38376939689502
  yaw: -187.48979
  pitch: 19.799994
