timestamps:
  login: 1643727927936
  logout: 1643727975676
ipAddress: 127.0.0.1
lastlocation:
  world: world
  x: -216.5
  y: 66.0
  z: 261.5
  yaw: 0.0
  pitch: 0.0
logoutlocation:
  world: world
  x: -210.5
  y: 67.0
  z: 249.5
  yaw: 1.2100954
  pitch: 85.36758
