timestamps:
  login: 1643600795338
  logout: 1643601498991
ipAddress: 127.0.0.1
lastlocation:
  world: world
  x: -208.5
  y: 78.0
  z: 251.5
  yaw: 0.0
  pitch: 0.0
logoutlocation:
  world: world
  x: -836.532414604252
  y: 64.0
  z: -70.44025976660524
  yaw: -242.53998
  pitch: 15.749993
