timestamps:
  login: 1646403254995
  logout: 1646403350909
ipAddress: 127.0.0.1
lastlocation:
  world: world
  x: -204.5
  y: 67.0
  z: 258.5
  yaw: 0.0
  pitch: 0.0
logoutlocation:
  world: world
  x: -210.5
  y: 64.0
  z: 249.5
  yaw: -2.2399013
  pitch: 0.91757107
