timestamps:
  login: 1643650137449
  logout: 1643650195058
ipAddress: 127.0.0.1
lastlocation:
  world: world
  x: -228.5
  y: 69.0
  z: 242.5
  yaw: 0.0
  pitch: 0.0
logoutlocation:
  world: world
  x: -221.41490537643804
  y: 69.0
  z: 307.30000001192093
  yaw: -273.3087
  pitch: 40.50001
