timestamps:
  login: 1646245455484
  lastteleport: 1646247013138
  logout: 1646247611287
ipAddress: 127.0.0.1
lastlocation:
  world: world
  x: -210.49250382019562
  y: 67.0
  z: 249.91426754124666
  yaw: -2.2399013
  pitch: 0.91757107
afk: false
logoutlocation:
  world: world
  x: -222.69999998807907
  y: 65.0
  z: 101.69999998807907
  yaw: -165.44035
  pitch: 52.199997
