timestamps:
  login: 1643724788936
  logout: 1643724847380
ipAddress: 127.0.0.1
lastlocation:
  world: world
  x: -232.5
  y: 70.0
  z: 241.5
  yaw: 0.0
  pitch: 0.0
logoutlocation:
  world: world
  x: -210.5
  y: 67.0
  z: 249.5
  yaw: -1.9399049
  pitch: 84.617584
