timestamps:
  login: 1643662528919
  logout: 1643662586919
ipAddress: 127.0.0.1
lastlocation:
  world: world
  x: -198.5
  y: 75.0
  z: 255.5
  yaw: 0.0
  pitch: 0.0
logoutlocation:
  world: world
  x: -210.5
  y: 67.0
  z: 249.5
  yaw: -0.5899048
  pitch: 85.51758
