timestamps:
  login: 1643666394824
  logout: 1643666524523
ipAddress: 127.0.0.1
lastlocation:
  world: world
  x: -218.5
  y: 67.0
  z: 245.5
  yaw: 0.0
  pitch: 0.0
logoutlocation:
  world: world
  x: -183.30000001192093
  y: 64.0
  z: 180.30000001192093
  yaw: 55.51013
  pitch: -1.0500079
