timestamps:
  login: 1646257620196
  logout: 1646257646177
ipAddress: 127.0.0.1
lastlocation:
  world: world
  x: -196.5
  y: 69.0
  z: 259.5
  yaw: 0.0
  pitch: 0.0
logoutlocation:
  world: world
  x: -211.5
  y: 67.0
  z: 249.5
  yaw: -2.0899012
  pitch: 1.3675711
