timestamps:
  login: 1648039945833
  lastteleport: 1647890512995
  logout: 1648040378433
ipAddress: 127.0.0.1
lastlocation:
  world: world
  x: -210.53048390100417
  y: 67.0
  z: 252.44713075646982
  yaw: -357.7686
  pitch: 17.299055
logoutlocation:
  world: world
  x: -261.30000001192093
  y: 59.0
  z: 570.5715427935849
  yaw: -262.38065
  pitch: 54.749996
