timestamps:
  login: 1646158807004
  logout: 1646158915899
ipAddress: 127.0.0.1
lastlocation:
  world: world
  x: -231.5
  y: 72.0
  z: 225.5
  yaw: 0.0
  pitch: 0.0
logoutlocation:
  world: world
  x: -210.5
  y: 56.0
  z: 249.5
  yaw: -2.2399013
  pitch: 0.91757107
