timestamps:
  login: 1646413066511
  logout: 1646412923122
ipAddress: 127.0.0.1
lastlocation:
  world: world
  x: -214.5
  y: 66.0
  z: 265.5
  yaw: 0.0
  pitch: 0.0
logoutlocation:
  world: world
  x: -184.3486671080224
  y: 70.0
  z: 222.4807982522522
  yaw: -226.18991
  pitch: 5.8500085
