timestamps:
  login: 1646401973782
  logout: 1646402070839
ipAddress: 127.0.0.1
lastlocation:
  world: world
  x: -221.5
  y: 68.0
  z: 272.5
  yaw: 0.0
  pitch: 0.0
logoutlocation:
  world: world
  x: -210.5
  y: 64.0
  z: 249.5
  yaw: -10.039902
  pitch: 1.8175712
