timestamps:
  login: 1646163367545
  logout: 1646163418192
ipAddress: 127.0.0.1
lastlocation:
  world: world
  x: -228.5
  y: 70.0
  z: 256.5
  yaw: 0.0
  pitch: 0.0
logoutlocation:
  world: world
  x: -210.5
  y: 67.0
  z: 248.5
  yaw: -0.7399012
  pitch: 1.5175711
