timestamps:
  login: 1646417588667
  logout: 1646417636227
ipAddress: 127.0.0.1
lastlocation:
  world: world
  x: -192.5
  y: 68.0
  z: 233.5
  yaw: 0.0
  pitch: 0.0
logoutlocation:
  world: world
  x: -210.5
  y: 64.0
  z: 249.5
  yaw: -1.7899013
  pitch: 0.76757103
