timestamps:
  login: 1646224234211
  logout: 1646224293611
ipAddress: 127.0.0.1
lastlocation:
  world: world
  x: -187.5
  y: 70.0
  z: 237.5
  yaw: 0.0
  pitch: 0.0
logoutlocation:
  world: world
  x: -210.5
  y: 67.0
  z: 248.5
  yaw: -1.0399011
  pitch: 4.3675714
