timestamps:
  login: 1646059277020
  logout: 1646059337170
ipAddress: 127.0.0.1
lastlocation:
  world: world
  x: -189.5
  y: 70.0
  z: 271.5
  yaw: 0.0
  pitch: 0.0
logoutlocation:
  world: world
  x: -211.5
  y: 68.0
  z: 249.5
  yaw: -2.0899012
  pitch: 2.2675712
