timestamps:
  login: 1646922094866
  logout: 1646922174212
ipAddress: 127.0.0.1
lastlocation:
  world: world
  x: -212.5
  y: 61.0
  z: 261.5
  yaw: 0.0
  pitch: 0.0
logoutlocation:
  world: world
  x: -210.5
  y: 64.0
  z: 249.5
  yaw: -1.0111011
  pitch: 5.2183714
