timestamps:
  login: 1643609358376
  logout: 1643609416924
ipAddress: 127.0.0.1
lastlocation:
  world: world
  x: -212.5
  y: 67.0
  z: 243.5
  yaw: 0.0
  pitch: 0.0
logoutlocation:
  world: world
  x: -210.5
  y: 65.0
  z: 249.5
  yaw: -0.18537465
  pitch: 80.37184
