timestamps:
  login: 1646417399025
  logout: 1646417002384
ipAddress: 127.0.0.1
lastlocation:
  world: world
  x: -207.5
  y: 69.0
  z: 243.5
  yaw: 0.0
  pitch: 0.0
logoutlocation:
  world: world
  x: -210.5
  y: 64.0
  z: 249.5
  yaw: -2.2399013
  pitch: 0.91757107
