timestamps:
  login: 1643650376405
  logout: 1643650404604
ipAddress: 127.0.0.1
lastlocation:
  world: world
  x: -196.5
  y: 68.0
  z: 271.5
  yaw: 0.0
  pitch: 0.0
logoutlocation:
  world: world
  x: -210.5
  y: 64.0
  z: 249.5
  yaw: -0.5899048
  pitch: 89.41758
