timestamps:
  login: 1643821384798
  logout: 1643739132115
ipAddress: 127.0.0.1
lastlocation:
  world: world
  x: -210.5
  y: 66.0
  z: 269.5
  yaw: 0.0
  pitch: 0.0
logoutlocation:
  world: world
  x: 364.69999998807907
  y: 67.0
  z: 299.30000001192093
  yaw: -290.14774
  pitch: 41.549995
