timestamps:
  login: 1646406707933
ipAddress: 127.0.0.1
lastlocation:
  world: world
  x: -190.5
  y: 69.0
  z: 250.5
  yaw: 0.0
  pitch: 0.0
logoutlocation:
  world: world
  x: -209.70235124223746
  y: 70.0
  z: 233.90485672394516
  yaw: -3.4399414
  pitch: 58.50001
