timestamps:
  login: 1646335971174
  logout: 1646336021433
ipAddress: 127.0.0.1
lastlocation:
  world: world
  x: -190.5
  y: 70.0
  z: 271.5
  yaw: 0.0
  pitch: 0.0
logoutlocation:
  world: world
  x: -368.02239812574794
  y: 76.0
  z: 186.4088693312893
  yaw: 91.81045
  pitch: 25.049994
