timestamps:
  login: 1645290055517
  logout: 1645290091176
ipAddress: 127.0.0.1
lastlocation:
  world: world
  x: -211.5
  y: 70.0
  z: 223.5
  yaw: 0.0
  pitch: 0.0
logoutlocation:
  world: world
  x: -210.5
  y: 67.0
  z: 249.5
  yaw: 0.46009532
  pitch: 81.91758
