timestamps:
  login: 1645637278928
  logout: 1645637388828
ipAddress: 127.0.0.1
lastlocation:
  world: world
  x: -209.5
  y: 75.0
  z: 249.5
  yaw: 0.0
  pitch: 0.0
logoutlocation:
  world: world
  x: -218.2308095776509
  y: 72.0
  z: 351.05301532072497
  yaw: -313.78998
  pitch: 41.099995
