timestamps:
  login: 1643655329686
  logout: 1643655446899
ipAddress: 127.0.0.1
lastlocation:
  world: world
  x: -185.5
  y: 71.0
  z: 231.5
  yaw: 0.0
  pitch: 0.0
logoutlocation:
  world: world
  x: -210.5
  y: 67.0
  z: 249.5
  yaw: 2.7100954
  pitch: 88.51758
