timestamps:
  login: 1646240806120
  logout: 1646240868244
ipAddress: 127.0.0.1
lastlocation:
  world: world
  x: -191.5
  y: 69.0
  z: 229.5
  yaw: 0.0
  pitch: 0.0
logoutlocation:
  world: world
  x: -146.08670166180926
  y: 72.0
  z: 267.2762028317436
  yaw: -86.68991
  pitch: 15.467572
