timestamps:
  login: 1646166790000
  logout: 1646166799105
ipAddress: 127.0.0.1
lastlocation:
  world: world
  x: -235.5
  y: 71.0
  z: 256.5
  yaw: 0.0
  pitch: 0.0
logoutlocation:
  world: world
  x: -210.5
  y: 67.0
  z: 248.5
  yaw: -2.2399013
  pitch: 0.91757107
