timestamps:
  login: 1646419623727
ipAddress: 127.0.0.1
lastlocation:
  world: world
  x: -199.5
  y: 67.0
  z: 254.5
  yaw: 0.0
  pitch: 0.0
logoutlocation:
  world: world
  x: -164.6327617333948
  y: 75.0
  z: 330.39530729531765
  yaw: 89.26011
  pitch: -90.0
