timestamps:
  login: 1646150976037
  logout: 1646151020687
ipAddress: 127.0.0.1
lastlocation:
  world: world
  x: -229.5
  y: 68.0
  z: 236.5
  yaw: 0.0
  pitch: 0.0
logoutlocation:
  world: world
  x: -205.6662619359013
  y: 68.0
  z: 260.0336496259624
  yaw: -4.6399016
  pitch: -0.43242905
