timestamps:
  login: 1646066476916
  logout: 1646066523055
ipAddress: 127.0.0.1
lastlocation:
  world: world
  x: -218.5
  y: 66.0
  z: 267.5
  yaw: 0.0
  pitch: 0.0
logoutlocation:
  world: world
  x: -210.5
  y: 68.0
  z: 249.5
  yaw: -2.0899012
  pitch: -2.5324292
