timestamps:
  login: 1646260940418
  lastteleport: 1646260672248
  logout: 1646261009131
ipAddress: 127.0.0.1
lastlocation:
  world: world
  x: -210.49250382019562
  y: 75.0
  z: 249.91426754124666
  yaw: -2.6899014
  pitch: -0.58242905
logoutlocation:
  world: world
  x: -144.30000001192093
  y: 73.0
  z: 159.2498856119898
  yaw: 5.560143
  pitch: 31.967573
