timestamps:
  login: 1643611782483
  logout: 1643611804424
ipAddress: 127.0.0.1
lastlocation:
  world: world
  x: -188.5
  y: 69.0
  z: 271.5
  yaw: 0.0
  pitch: 0.0
logoutlocation:
  world: world
  x: -209.08734543666878
  y: 59.0
  z: 249.87695837511816
  yaw: -12.439906
  pitch: 5.8499923
