timestamps:
  login: 1646323499849
  logout: 1646323573937
ipAddress: 127.0.0.1
lastlocation:
  world: world
  x: -207.72545888516007
  y: 58.60376365469679
  z: 253.45898289825976
  yaw: 319.51013
  pitch: 11.567572
logoutlocation:
  world: world
  x: -210.30000001192093
  y: 64.0
  z: 251.69999998807907
  yaw: -202.63992
  pitch: 3.1675713
