timestamps:
  login: 1643738778214
  logout: 1643738947113
ipAddress: 127.0.0.1
lastlocation:
  world: world
  x: -232.5
  y: 70.0
  z: 265.5
  yaw: 0.0
  pitch: 0.0
logoutlocation:
  world: world
  x: -174.69999998807907
  y: 64.0
  z: 187.62515417075016
  yaw: -349.78995
  pitch: 8.249992
