timestamps:
  login: 1646325587366
  logout: 1646327132921
  lastteleport: 1646266118598
ipAddress: 127.0.0.1
lastlocation:
  world: world
  x: -210.49250382019562
  y: 68.0
  z: 249.91426754124666
  yaw: -2.2399013
  pitch: 0.91757107
logoutlocation:
  world: world
  x: 215.2843345567799
  y: 68.0
  z: 190.34667083619343
  yaw: 349.48572
  pitch: 16.60107
homes:
  home:
    world: world
    x: 203.11180792091628
    y: 67.0
    z: 395.83532211617705
    yaw: 185.91663
    pitch: 55.949997
