timestamps:
  login: 1646327359866
  logout: 1646327382071
ipAddress: 127.0.0.1
lastlocation:
  world: world
  x: -220.5
  y: 67.0
  z: 273.5
  yaw: 0.0
  pitch: 0.0
logoutlocation:
  world: world
  x: -210.5
  y: 64.0
  z: 249.5
  yaw: 0.31009892
  pitch: -4.782429
