timestamps:
  login: 1645670504207
  logout: 1645670737706
ipAddress: 127.0.0.1
lastlocation:
  world: world
  x: -150.9416750677461
  y: 72.22149363870948
  z: 265.49964502068246
  yaw: 237.61528
  pitch: 21.372599
logoutlocation:
  world: world
  x: -118.69999998807911
  y: 58.015555072702206
  z: 248.76625701880616
  yaw: -290.29184
  pitch: -18.546547
