timestamps:
  login: 1643814030663
  logout: 1643814030662
ipAddress: 127.0.0.1
lastlocation:
  world: world
  x: -196.5
  y: 70.0
  z: 233.5
  yaw: 0.0
  pitch: 0.0
logoutlocation:
  world: world
  x: -226.29372092341663
  y: 64.0
  z: 192.37438877553328
  yaw: 66.310104
  pitch: -1.7999921
