timestamps:
  login: 1645289628563
  logout: 1645289741166
ipAddress: 127.0.0.1
lastlocation:
  world: world
  x: -197.5
  y: 70.0
  z: 231.5
  yaw: 0.0
  pitch: 0.0
logoutlocation:
  world: world
  x: -204.50686180550724
  y: 63.0
  z: 132.24299885924057
  yaw: 138.7601
  pitch: 36.149994
