timestamps:
  login: 1643810049172
ipAddress: 127.0.0.1
lastlocation:
  world: world
  x: -235.5
  y: 72.0
  z: 248.5
  yaw: 0.0
  pitch: 0.0
logoutlocation:
  world: world
  x: -210.5
  y: 67.0
  z: 249.5
  yaw: -0.5899048
  pitch: 89.41758
