timestamps:
  login: 1646409158025
  logout: 1646402070839
ipAddress: 127.0.0.1
lastlocation:
  world: world
  x: -193.5
  y: 69.0
  z: 265.5
  yaw: 0.0
  pitch: 0.0
logoutlocation:
  world: world
  x: -210.69999998807907
  y: 62.0
  z: 253.76554820297918
  yaw: 67.56418
  pitch: 38.249996
