lastlocation:
  world: world
  x: -220.5
  y: 66.0
  z: 243.5
  yaw: 0.0
  pitch: 0.0
timestamps:
  login: 1646197954587
  logout: 1646198005964
ipAddress: 127.0.0.1
logoutlocation:
  world: world
  x: -210.5
  y: 67.0
  z: 248.5
  yaw: 1.060099
  pitch: -1.0324291
