timestamps:
  login: 1646328580619
  logout: 1646328865879
ipAddress: 127.0.0.1
lastlocation:
  world: world
  x: -196.5
  y: 68.0
  z: 271.5
  yaw: 0.0
  pitch: 0.0
logoutlocation:
  world: world
  x: -197.63151886674555
  y: 75.0
  z: 338.97182259483066
  yaw: 269.11014
  pitch: 45.299995
