timestamps:
  login: 1644804005601
  lastteleport: 1644806850793
  logout: 1644806899189
ipAddress: 127.0.0.1
lastlocation:
  world: world
  x: -210.3046404383045
  y: 67.0
  z: 249.54926548148748
  yaw: -0.5899048
  pitch: 89.41758
logoutlocation:
  world: world
  x: -211.19016393526536
  y: 68.0
  z: 244.66440419150612
  yaw: 270.3103
  pitch: 17.549994
