timestamps:
  login: 1645995445821
  logout: 1645995491264
ipAddress: 127.0.0.1
lastlocation:
  world: world
  x: -207.5
  y: 69.0
  z: 268.5
  yaw: 0.0
  pitch: 0.0
logoutlocation:
  world: world
  x: -211.5
  y: 67.0
  z: 249.5
  yaw: -2.2399013
  pitch: 0.91757107
