timestamps:
  login: 1646224251163
  logout: 1646221663600
ipAddress: 127.0.0.1
lastlocation:
  world: world
  x: -234.5
  y: 70.0
  z: 240.5
  yaw: 0.0
  pitch: 0.0
logoutlocation:
  world: world
  x: -210.5
  y: 67.0
  z: 248.5
  yaw: -1.1899012
  pitch: 5.4175715
