timestamps:
  login: 1645318278506
  logout: 1645318299197
ipAddress: 127.0.0.1
lastlocation:
  world: world
  x: -220.5
  y: 66.0
  z: 252.5
  yaw: 0.0
  pitch: 0.0
logoutlocation:
  world: world
  x: -210.5
  y: 67.0
  z: 249.5
  yaw: 0.76009536
  pitch: 87.61758
