timestamps:
  login: 1643655377482
  logout: 1643655419979
ipAddress: 127.0.0.1
lastlocation:
  world: world
  x: -234.5
  y: 68.0
  z: 225.5
  yaw: 0.0
  pitch: 0.0
logoutlocation:
  world: world
  x: -210.5
  y: 67.0
  z: 249.5
  yaw: -0.5899048
  pitch: 89.41758
