timestamps:
  login: 1646187267656
  logout: 1646173155839
  lastteleport: 1646173132599
ipAddress: 127.0.0.1
lastlocation:
  world: world
  x: -210.49250382019562
  y: 69.0
  z: 249.91426754124666
  yaw: -2.2399013
  pitch: 0.91757107
logoutlocation:
  world: world
  x: -139.82866908405856
  y: 67.53584062504456
  z: 195.89785415405368
  yaw: 127.66019
  pitch: 19.499994
