timestamps:
  login: 1646428018955
  logout: 1646428029922
ipAddress: 127.0.0.1
lastlocation:
  world: world
  x: -197.5
  y: 71.0
  z: 225.5
  yaw: 0.0
  pitch: 0.0
logoutlocation:
  world: world
  x: -210.5
  y: 64.0
  z: 249.5
  yaw: -2.2399013
  pitch: 0.91757107
