timestamps:
  login: 1646894431954
  logout: 1646895189798
ipAddress: 127.0.0.1
lastlocation:
  world: world
  x: -210.5
  y: 66.0
  z: 268.5
  yaw: 0.0
  pitch: 0.0
logoutlocation:
  world: world
  x: -361.5527387954678
  y: 64.0
  z: 389.69999998807907
  yaw: -345.7401
  pitch: 42.449997
