timestamps:
  login: 1643724111731
  logout: 1643724142380
ipAddress: 127.0.0.1
lastlocation:
  world: world
  x: -230.5
  y: 71.0
  z: 271.5
  yaw: 0.0
  pitch: 0.0
logoutlocation:
  world: world
  x: -210.5
  y: 67.0
  z: 249.5
  yaw: -0.5899048
  pitch: 89.41758
