timestamps:
  login: 1646425045720
  lastteleport: 1646424694225
  logout: 1646425490722
ipAddress: 127.0.0.1
lastlocation:
  world: world
  x: -210.49250382019562
  y: 65.0
  z: 249.91426754124666
  yaw: -8.368356
  pitch: 4.338104
logoutlocation:
  world: world
  x: -624.2392533659665
  y: 29.0
  z: 473.79450984126277
  yaw: -29.2305
  pitch: -90.0
