timestamps:
  login: 1646166262707
  logout: 1646166646800
ipAddress: 127.0.0.1
lastlocation:
  world: world
  x: -200.5
  y: 71.0
  z: 224.5
  yaw: 0.0
  pitch: 0.0
logoutlocation:
  world: world
  x: -176.52937486982154
  y: 74.0
  z: 356.3782736508437
  yaw: 342.59137
  pitch: 34.05001
