timestamps:
  login: 1645637148378
  logout: 1645637196328
ipAddress: 127.0.0.1
lastlocation:
  world: world
  x: -185.5
  y: 71.0
  z: 261.5
  yaw: 0.0
  pitch: 0.0
logoutlocation:
  world: world
  x: -210.5
  y: 67.0
  z: 249.5
  yaw: -0.5899048
  pitch: 87.76758
