timestamps:
  login: 1645313186901
  logout: 1645313201754
ipAddress: 127.0.0.1
lastlocation:
  world: world
  x: -198.5
  y: 70.0
  z: 234.5
  yaw: 0.0
  pitch: 0.0
logoutlocation:
  world: world
  x: -210.5
  y: 67.0
  z: 249.5
  yaw: -0.43990478
  pitch: 89.41758
