timestamps:
  login: 1646424868044
  logout: 1646425126223
ipAddress: 127.0.0.1
lastlocation:
  world: world
  x: -198.5
  y: 71.0
  z: 229.5
  yaw: 0.0
  pitch: 0.0
logoutlocation:
  world: world
  x: -69.44010122804407
  y: 65.0
  z: 73.3214085522934
  yaw: -208.63992
  pitch: -3.8824294
