timestamps:
  login: 1644814622587
  logout: 1644814724184
ipAddress: 127.0.0.1
lastlocation:
  world: world
  x: -230.5
  y: 70.0
  z: 270.5
  yaw: 0.0
  pitch: 0.0
logoutlocation:
  world: world
  x: -176.24342071910817
  y: 68.0
  z: 173.30000001192093
  yaw: -111.29053
  pitch: -90.0
