timestamps:
  login: 1645628795079
  logout: 1645628846328
ipAddress: 127.0.0.1
lastlocation:
  world: world
  x: -225.5
  y: 71.0
  z: 236.5
  yaw: 0.0
  pitch: 0.0
logoutlocation:
  world: world
  x: -210.5
  y: 67.0
  z: 249.5
  yaw: 0.46009532
  pitch: 88.81758
