timestamps:
  login: 1645635089429
  logout: 1645635211328
ipAddress: 127.0.0.1
lastlocation:
  world: world
  x: -212.69999998807907
  y: 67.00434999847413
  z: 252.69999998807907
  yaw: 186.3101
  pitch: 13.667573
logoutlocation:
  world: world
  x: -199.9185965135641
  y: 68.0
  z: 274.70920166793843
  yaw: 222.46014
  pitch: -67.35
