timestamps:
  login: 1646163688198
  logout: 1646163923359
ipAddress: 127.0.0.1
lastlocation:
  world: world
  x: -232.5
  y: 70.0
  z: 269.5
  yaw: 0.0
  pitch: 0.0
logoutlocation:
  world: world
  x: -250.30000001192093
  y: 11.0
  z: 414.5316562775417
  yaw: 212.86017
  pitch: -0.60000813
