timestamps:
  login: 1646259433289
  logout: 1646259490783
ipAddress: 127.0.0.1
lastlocation:
  world: world
  x: -230.5
  y: 72.0
  z: 271.5
  yaw: 0.0
  pitch: 0.0
logoutlocation:
  world: world
  x: -211.5
  y: 67.0
  z: 249.5
  yaw: -2.2399013
  pitch: 0.91757107
