timestamps:
  login: 1643693228717
  logout: 1643693262663
ipAddress: 127.0.0.1
lastlocation:
  world: world
  x: -220.5
  y: 71.0
  z: 268.5
  yaw: 0.0
  pitch: 0.0
logoutlocation:
  world: world
  x: -210.5
  y: 67.0
  z: 249.5
  yaw: -0.7399048
  pitch: 89.41758
