timestamps:
  login: 1643636339954
  logout: 1643636402551
ipAddress: 127.0.0.1
lastlocation:
  world: world
  x: -193.5
  y: 70.0
  z: 226.5
  yaw: 0.0
  pitch: 0.0
logoutlocation:
  world: world
  x: -210.5
  y: 67.0
  z: 249.5
  yaw: -1.3399049
  pitch: 89.71758
