timestamps:
  login: 1646410955256
  logout: 1646411101590
ipAddress: 127.0.0.1
lastlocation:
  world: world
  x: -195.5
  y: 70.0
  z: 237.5
  yaw: 0.0
  pitch: 0.0
logoutlocation:
  world: world
  x: -310.3603484983211
  y: 73.0
  z: 144.4363484646631
  yaw: -215.98991
  pitch: -17.549994
