timestamps:
  login: 1643740536913
  logout: 1643740609616
ipAddress: 127.0.0.1
lastlocation:
  world: world
  x: -190.5
  y: 73.0
  z: 225.5
  yaw: 0.0
  pitch: 0.0
logoutlocation:
  world: world
  x: -159.33308472264008
  y: 71.0
  z: 254.34127704124893
  yaw: 43.2101
  pitch: -79.20001
