timestamps:
  login: 1646065651053
  logout: 1646065847392
ipAddress: 127.0.0.1
lastlocation:
  world: world
  x: -199.69999998807907
  y: 63.0
  z: 202.74749648507427
  yaw: 280.51013
  pitch: 6.9175715
logoutlocation:
  world: world
  x: -171.2671433139423
  y: 62.0
  z: 101.35685526710155
  yaw: 93.61014
  pitch: 19.949993
