timestamps:
  login: 1645632225228
  logout: 1645632358828
ipAddress: 127.0.0.1
lastlocation:
  world: world
  x: -209.5
  y: 67.0
  z: 272.5
  yaw: 0.0
  pitch: 0.0
logoutlocation:
  world: world
  x: -191.51924726647457
  y: 69.0
  z: 229.6649389584164
  yaw: 300.16013
  pitch: 14.417573
