timestamps:
  login: 1643741448764
  logout: 1643741504613
ipAddress: 127.0.0.1
lastlocation:
  world: world
  x: -203.5
  y: 67.0
  z: 269.5
  yaw: 0.0
  pitch: 0.0
logoutlocation:
  world: world
  x: -214.9269871653643
  y: 69.0
  z: 236.30000001192093
  yaw: 173.1101
  pitch: 7.9499927
