timestamps:
  login: 1646156905340
  logout: 1646157107101
ipAddress: 127.0.0.1
lastlocation:
  world: world
  x: -199.5
  y: 71.0
  z: 223.5
  yaw: 0.0
  pitch: 0.0
logoutlocation:
  world: world
  x: -313.8088625114025
  y: 72.0
  z: 260.4999277044046
  yaw: 43.79138
  pitch: -33.149994
