timestamps:
  login: 1646927754925
  logout: 1646927783371
ipAddress: 127.0.0.1
lastlocation:
  world: world
  x: -189.5
  y: 69.0
  z: 248.5
  yaw: 0.0
  pitch: 0.0
logoutlocation:
  world: world
  x: -210.5
  y: 64.0
  z: 249.5
  yaw: 0.46009895
  pitch: 3.6175714
