timestamps:
  login: 1643730600376
  logout: 1643730650676
ipAddress: 127.0.0.1
lastlocation:
  world: world
  x: -203.5
  y: 68.0
  z: 246.5
  yaw: 0.0
  pitch: 0.0
logoutlocation:
  world: world
  x: -210.5
  y: 67.0
  z: 249.5
  yaw: -2.539905
  pitch: 89.11758
