timestamps:
  login: 1646320688827
  logout: 1646320747777
ipAddress: 127.0.0.1
lastlocation:
  world: world
  x: -188.5
  y: 69.0
  z: 271.5
  yaw: 0.0
  pitch: 0.0
logoutlocation:
  world: world
  x: -210.5
  y: 64.0
  z: 249.5
  yaw: -2.5399013
  pitch: 0.61757106
