timestamps:
  login: 1647281699975
  logout: 1647281727175
ipAddress: 127.0.0.1
lastlocation:
  world: world
  x: -224.5
  y: 62.0
  z: 230.5
  yaw: 0.0
  pitch: 0.0
logoutlocation:
  world: world
  x: -210.5
  y: 64.0
  z: 249.5
  yaw: -1.4899012
  pitch: -0.58242905
