timestamps:
  login: 1646426694942
  logout: 1646426755507
ipAddress: 127.0.0.1
lastlocation:
  world: world
  x: -197.5
  y: 71.0
  z: 226.5
  yaw: 0.0
  pitch: 0.0
logoutlocation:
  world: world
  x: -210.5
  y: 64.0
  z: 249.5
  yaw: -1.9399012
  pitch: 1.6675712
