timestamps:
  login: 1646403219146
ipAddress: 127.0.0.1
lastlocation:
  world: world
  x: -210.75360916740533
  y: 62.0
  z: 264.01095307501316
  yaw: -250.03992
  pitch: 41.267574
logoutlocation:
  world: world
  x: -244.4056462828237
  y: 90.0
  z: 422.37309143387324
  yaw: -270.44006
  pitch: 6.9175715
