timestamps:
  login: 1647363206896
  logout: 1647363279107
ipAddress: 127.0.0.1
lastlocation:
  world: world
  x: -214.5
  y: 64.0
  z: 254.5
  yaw: 0.0
  pitch: 0.0
logoutlocation:
  world: world
  x: -232.20793514587737
  y: 64.0
  z: 259.69999998807907
  yaw: 10.06012
  pitch: 1.8175712
