timestamps:
  login: 1646924221911
  logout: 1646924255358
ipAddress: 127.0.0.1
lastlocation:
  world: world
  x: -189.5
  y: 69.0
  z: 266.5
  yaw: 0.0
  pitch: 0.0
logoutlocation:
  world: world
  x: -210.5
  y: 65.0
  z: 249.5
  yaw: -2.6899014
  pitch: 5.4175715
