timestamps:
  login: 1646323026968
  logout: 1646323658268
ipAddress: 127.0.0.1
lastlocation:
  world: world
  x: -231.5
  y: 71.0
  z: 259.5
  yaw: 0.0
  pitch: 0.0
logoutlocation:
  world: world
  x: 579.699999988079
  y: 73.0
  z: 64.65990882983441
  yaw: -167.83997
  pitch: 5.7175713
