timestamps:
  login: 1648149966605
  logout: 1645646136323
ipAddress: 127.0.0.1
lastlocation:
  world: world
  x: -296.5
  y: 72.0
  z: 319.5
  yaw: 0.0
  pitch: 0.0
logoutlocation:
  world: world
  x: -303.57123589148756
  y: 64.0
  z: 114.33236686132213
  yaw: 122.56018
  pitch: 38.399994
