timestamps:
  login: 1646231408318
  logout: 1646231481384
ipAddress: 127.0.0.1
lastlocation:
  world: world
  x: -202.5
  y: 70.0
  z: 224.5
  yaw: 0.0
  pitch: 0.0
logoutlocation:
  world: world
  x: -210.5
  y: 67.0
  z: 249.5
  yaw: 1.7528063
  pitch: -3.6074977
