timestamps:
  login: 1646000366040
  logout: 1646000402083
ipAddress: 127.0.0.1
lastlocation:
  world: world
  x: -230.5
  y: 71.0
  z: 259.5
  yaw: 0.0
  pitch: 0.0
logoutlocation:
  world: world
  x: -211.5
  y: 67.0
  z: 249.5
  yaw: -2.2399013
  pitch: 0.91757107
