timestamps:
  login: 1643639540587
  logout: 1643639666055
ipAddress: 127.0.0.1
lastlocation:
  world: world
  x: -186.5
  y: 70.0
  z: 257.5
  yaw: 0.0
  pitch: 0.0
logoutlocation:
  world: world
  x: -200.2814494280417
  y: 29.0
  z: 257.4025395620274
  yaw: -133.18994
  pitch: 25.349995
