timestamps:
  login: 1646162363813
  logout: 1646162378613
ipAddress: 127.0.0.1
lastlocation:
  world: world
  x: -258.96247282765626
  y: 66.24918707874468
  z: 311.90324614795065
  yaw: -135.43991
  pitch: -17.40001
logoutlocation:
  world: world
  x: -210.49250382019562
  y: 67.0
  z: 249.91426754124666
  yaw: -2.2399013
  pitch: 0.91757107
