timestamps:
  login: 1645805753310
  logout: 1645805813003
ipAddress: 127.0.0.1
lastlocation:
  world: world
  x: -201.5
  y: 69.0
  z: 241.5
  yaw: 0.0
  pitch: 0.0
logoutlocation:
  world: world
  x: -210.5
  y: 67.0
  z: 249.5
  yaw: -1.1899048
  pitch: 85.96758
