timestamps:
  login: 1647629107953
  logout: 1647630138082
ipAddress: 127.0.0.1
logoutlocation:
  world: world
  x: -244.66160887955817
  y: 75.0
  z: 316.92808266754116
  yaw: 89.11023
  pitch: 36.599995
lastlocation:
  world: world
  x: -244.69999998807907
  y: 24.0
  z: 281.69999998807924
  yaw: 101.56018
  pitch: 90.0
