timestamps:
  login: 1645810546013
  logout: 1645810573512
ipAddress: 127.0.0.1
lastlocation:
  world: world
  x: -222.5
  y: 69.0
  z: 273.5
  yaw: 0.0
  pitch: 0.0
logoutlocation:
  world: world
  x: -212.69079808183315
  y: 66.0
  z: 207.1889860968822
  yaw: -181.48991
  pitch: 30.149994
