timestamps:
  login: 1644799909885
  logout: 1644800314185
ipAddress: 127.0.0.1
lastlocation:
  world: world
  x: 25.714482556774126
  y: 58.0
  z: 149.66823810623725
  yaw: 275.86008
  pitch: 59.699997
logoutlocation:
  world: world
  x: 25.714482556774126
  y: 58.0
  z: 149.66823810623725
  yaw: 275.86008
  pitch: 59.699997
