timestamps:
  login: 1643808765399
  logout: 1643749413621
ipAddress: 127.0.0.1
lastlocation:
  world: world
  x: -228.5
  y: 70.0
  z: 259.5
  yaw: 0.0
  pitch: 0.0
logoutlocation:
  world: world
  x: -209.86105067238995
  y: 67.5
  z: 248.1818710154365
  yaw: -216.88992
  pitch: 12.2999935
