timestamps:
  login: 1647988207412
  logout: 1647988265826
ipAddress: 127.0.0.1
lastlocation:
  world: world
  x: -148.5
  y: 62.0
  z: 288.5
  yaw: 0.0
  pitch: 0.0
logoutlocation:
  world: world
  x: -210.5
  y: 67.0
  z: 252.5
  yaw: -358.06857
  pitch: 23.449057
