timestamps:
  login: 1643735695447
  logout: 1643735743176
ipAddress: 127.0.0.1
lastlocation:
  world: world
  x: -225.5
  y: 69.0
  z: 262.5
  yaw: 0.0
  pitch: 0.0
logoutlocation:
  world: world
  x: -210.5
  y: 67.0
  z: 249.5
  yaw: 0.6100953
  pitch: 85.21758
