timestamps:
  login: 1646059125864
  logout: 1646059184777
ipAddress: 127.0.0.1
lastlocation:
  world: world
  x: -189.5
  y: 70.0
  z: 247.5
  yaw: 0.0
  pitch: 0.0
logoutlocation:
  world: world
  x: -296.69999998807907
  y: 57.0
  z: 73.69999998807909
  yaw: 324.0263
  pitch: 32.558304
