timestamps:
  login: 1647620360782
  logout: 1646159155078
ipAddress: 127.0.0.1
lastlocation:
  world: world
  x: -232.5
  y: 63.0
  z: 234.5
  yaw: 0.0
  pitch: 0.0
logoutlocation:
  world: world
  x: -210.5
  y: 67.0
  z: 252.5
  yaw: 358.81015
  pitch: 18.15001
