logoutlocation:
  world: world
  x: -197.5
  y: 73.0
  z: 326.5
  yaw: 158.70006
  pitch: 10.200002
lastlocation:
  world: world
  x: 179.2454806024539
  y: 27.0
  z: 457.69999998807907
  yaw: -295.79987
  pitch: 30.150011
timestamps:
  login: 1646420027632
  logout: 1646420112681
  lastteleport: 1646420080171
ipAddress: 127.0.0.1
