timestamps:
  login: 1646530731285
  lastteleport: 1646530753331
ipAddress: 127.0.0.1
lastlocation:
  world: world
  x: -211.50912712766092
  y: 58.0
  z: 246.66281159197192
  yaw: 264.16013
  pitch: 28.967573
