timestamps:
  login: 1646916921981
  logout: 1646917053377
ipAddress: 127.0.0.1
lastlocation:
  world: world
  x: -206.5
  y: 69.0
  z: 249.5
  yaw: 0.0
  pitch: 0.0
logoutlocation:
  world: world
  x: -251.45041595292219
  y: 69.0
  z: 11.530657428842112
  yaw: -201.13992
  pitch: 8.417572
