timestamps:
  login: 1646257222895
  logout: 1646257713462
ipAddress: 127.0.0.1
lastlocation:
  world: world
  x: -236.5
  y: 71.0
  z: 246.5
  yaw: 0.0
  pitch: 0.0
logoutlocation:
  world: world
  x: -101.99799362050598
  y: 57.0
  z: 116.4218326850013
  yaw: 97.36011
  pitch: 5.550009
