timestamps:
  login: 1643653515570
  logout: 1643654860175
  lastteleport: 1643653858643
ipAddress: 127.0.0.1
lastlocation:
  world: world
  x: -210.3046404383045
  y: 67.0
  z: 249.54926548148748
  yaw: -0.5899048
  pitch: 89.41758
logoutlocation:
  world: world
  x: -78.69999998807907
  y: 64.0
  z: 82.17375979569515
  yaw: 320.56024
  pitch: 34.799995
