timestamps:
  login: 1643647842985
  logout: 1643648209473
ipAddress: 127.0.0.1
lastlocation:
  world: world
  x: -192.5
  y: 70.0
  z: 271.5
  yaw: 0.0
  pitch: 0.0
logoutlocation:
  world: world
  x: -338.30000001192093
  y: 12.0
  z: 417.69999998807907
  yaw: 57.160126
  pitch: -25.349995
