timestamps:
  login: 1646005776380
  logout: 1646005835377
ipAddress: 127.0.0.1
lastlocation:
  world: world
  x: -190.5
  y: 69.0
  z: 227.5
  yaw: 0.0
  pitch: 0.0
logoutlocation:
  world: world
  x: -211.5
  y: 69.0
  z: 249.5
  yaw: -2.3899014
  pitch: 1.067571
