timestamps:
  login: 1643589341253
  logout: 1643589349553
ipAddress: 127.0.0.1
lastlocation:
  world: world
  x: -201.5
  y: 69.0
  z: 245.5
  yaw: 0.0
  pitch: 0.0
logoutlocation:
  world: world
  x: -210.5
  y: 67.0
  z: 249.5
  yaw: -0.7399048
  pitch: 86.56758
