timestamps:
  login: 1645640136377
ipAddress: 127.0.0.1
lastlocation:
  world: world
  x: -219.5
  y: 66.0
  z: 258.5
  yaw: 0.0
  pitch: 0.0
logoutlocation:
  world: world
  x: -210.5
  y: 67.0
  z: 249.5
  yaw: 0.16009529
  pitch: 88.51758
