timestamps:
  login: 1643738544787
  logout: 1643738597113
  lastteleport: 1643732252407
ipAddress: 127.0.0.1
lastlocation:
  world: world
  x: -210.3046404383045
  y: 67.0
  z: 249.54926548148748
  yaw: -0.5899048
  pitch: 89.41758
logoutlocation:
  world: world
  x: -383.68733929401196
  y: 64.0
  z: 598.5472561180026
  yaw: 9.160576
  pitch: 25.05001
afk: false
