timestamps:
  login: 1646410454503
ipAddress: 127.0.0.1
lastlocation:
  world: world
  x: -211.5
  y: 64.0
  z: 252.5
  yaw: 0.0
  pitch: 0.0
logoutlocation:
  world: world
  x: -116.89145234967756
  y: 63.0
  z: 271.30000001192093
  yaw: -126.43991
  pitch: -7.7824297
