timestamps:
  login: 1646316721463
  logout: 1646316760317
ipAddress: 127.0.0.1
lastlocation:
  world: world
  x: -189.5
  y: 70.0
  z: 225.5
  yaw: 0.0
  pitch: 0.0
logoutlocation:
  world: world
  x: -209.5
  y: 67.0
  z: 250.5
  yaw: -2.6899014
  pitch: 1.2175711
