timestamps:
  login: 1646421403017
  logout: 1646421721678
ipAddress: 127.0.0.1
lastlocation:
  world: world
  x: -197.5
  y: 66.0
  z: 272.5
  yaw: 0.0
  pitch: 0.0
logoutlocation:
  world: world
  x: -165.72322906033446
  y: 58.0
  z: 275.9612537802808
  yaw: 76.06018
  pitch: 27.317574
