timestamps:
  login: 1647534269986
  logout: 1647534296003
ipAddress: 127.0.0.1
lastlocation:
  world: world
  x: -204.5
  y: 70.0
  z: 270.5
  yaw: 0.0
  pitch: 0.0
logoutlocation:
  world: world
  x: -210.5
  y: 63.0
  z: 249.5
  yaw: -2.5399013
  pitch: 4.2175713
