timestamps:
  login: 1643755632042
  logout: 1643755735042
  lastteleport: 1643748651347
ipAddress: 127.0.0.1
lastlocation:
  world: world
  x: -210.3046404383045
  y: 67.0
  z: 249.54926548148748
  yaw: -0.5899048
  pitch: 89.41758
logoutlocation:
  world: world
  x: 154.94882507460864
  y: 45.0
  z: 23.05357223465843
  yaw: -61.534313
  pitch: 34.402424
