timestamps:
  login: 1646069014859
  logout: 1646069145537
ipAddress: 127.0.0.1
lastlocation:
  world: world
  x: -201.5
  y: 71.0
  z: 223.5
  yaw: 0.0
  pitch: 0.0
logoutlocation:
  world: world
  x: -197.67285571043539
  y: 68.0
  z: 265.30000001192093
  yaw: -48.589905
  pitch: 15.617573
