timestamps:
  login: 1646417587312
  logout: 1646417492398
ipAddress: 127.0.0.1
lastlocation:
  world: world
  x: -225.5
  y: 69.0
  z: 267.5
  yaw: 0.0
  pitch: 0.0
afk: false
logoutlocation:
  world: world
  x: -210.5
  y: 64.0
  z: 249.5
  yaw: -2.6899014
  pitch: 0.76757103
