timestamps:
  login: 1646226462390
  logout: 1646226488611
ipAddress: 127.0.0.1
lastlocation:
  world: world
  x: -236.5
  y: 71.0
  z: 256.5
  yaw: 0.0
  pitch: 0.0
logoutlocation:
  world: world
  x: -210.5
  y: 67.0
  z: 249.5
  yaw: -2.2399013
  pitch: -0.43242905
