timestamps:
  login: 1646079023919
  logout: 1646079112794
ipAddress: 127.0.0.1
lastlocation:
  world: world
  x: -226.5
  y: 67.0
  z: 231.5
  yaw: 0.0
  pitch: 0.0
logoutlocation:
  world: world
  x: -210.50076461037176
  y: 68.0
  z: 249.4475484991631
  yaw: -2.2399013
  pitch: 0.91757107
