timestamps:
  login: 1645633726878
  logout: 1645633963828
ipAddress: 127.0.0.1
lastlocation:
  world: world
  x: -212.69999998807907
  y: 67.63588500535488
  z: 252.69999998807907
  yaw: -355.78995
  pitch: -90.0
logoutlocation:
  world: world
  x: -212.69999998807907
  y: 67.0
  z: 252.69999998807907
  yaw: -355.78995
  pitch: -90.0
