timestamps:
  login: 1643733746326
  logout: 1643733805676
ipAddress: 127.0.0.1
lastlocation:
  world: world
  x: -212.5
  y: 75.0
  z: 247.5
  yaw: 0.0
  pitch: 0.0
logoutlocation:
  world: world
  x: -210.5
  y: 67.0
  z: 249.5
  yaw: -5.539905
  pitch: 88.21758
