timestamps:
  login: 1646335143461
  logout: 1646335210752
ipAddress: 127.0.0.1
lastlocation:
  world: world
  x: -231.5
  y: 71.0
  z: 253.5
  yaw: 0.0
  pitch: 0.0
logoutlocation:
  world: world
  x: -208.30000001192093
  y: 62.0
  z: 257.69999998807907
  yaw: 33.460144
  pitch: -14.83243
