timestamps:
  login: 1643838189311
  logout: 1643838223609
ipAddress: 127.0.0.1
lastlocation:
  world: world
  x: -223.5
  y: 73.0
  z: 272.5
  yaw: 0.0
  pitch: 0.0
logoutlocation:
  world: world
  x: -210.5
  y: 67.0
  z: 249.5
  yaw: 7.510096
  pitch: 78.16758
