timestamps:
  login: 1646256267137
  logout: 1646256325661
ipAddress: 127.0.0.1
lastlocation:
  world: world
  x: -226.5
  y: 70.0
  z: 253.5
  yaw: 0.0
  pitch: 0.0
logoutlocation:
  world: world
  x: -211.5
  y: 67.0
  z: 249.5
  yaw: 4.6600995
  pitch: 0.91757107
