timestamps:
  login: 1643741640364
  logout: 1643741677113
ipAddress: 127.0.0.1
lastlocation:
  world: world
  x: -202.5
  y: 71.0
  z: 223.5
  yaw: 0.0
  pitch: 0.0
logoutlocation:
  world: world
  x: -210.5
  y: 67.0
  z: 249.5
  yaw: 0.46009532
  pitch: 85.66758
