timestamps:
  login: 1646499509674
  logout: 1646427057701
  lastteleport: 1646425881708
ipAddress: 127.0.0.1
lastlocation:
  world: world
  x: -210.49250382019562
  y: 65.0
  z: 249.91426754124666
  yaw: -2.2399013
  pitch: 0.91757107
logoutlocation:
  world: world
  x: 332.30000001192093
  y: 82.0
  z: 634.3000000119209
  yaw: 147.31018
  pitch: 1.0499921
