timestamps:
  login: 1647293077980
  logout: 1647293120079
  lastteleport: 1646408678805
ipAddress: 127.0.0.1
lastlocation:
  world: world
  x: -212.5
  y: 64.0
  z: 235.5
  yaw: 0.0
  pitch: 0.0
logoutlocation:
  world: world
  x: -210.5
  y: 63.0
  z: 249.5
  yaw: -2.2399013
  pitch: 1.2175711
homes:
  home:
    world: world
    x: -743.4214454850845
    y: 58.0
    z: -717.1923175483029
    yaw: 117.29999
    pitch: 30.60001
