timestamps:
  login: 1646917243035
  lastteleport: 1646918360587
  logout: 1646919826675
ipAddress: 127.0.0.1
lastlocation:
  world: world
  x: -241.8924935534383
  y: 90.0
  z: 422.7171482360633
  yaw: -85.48923
  pitch: 15.899993
logoutlocation:
  world: world
  x: -339.43174942927163
  y: 64.0
  z: 437.69999998807907
  yaw: 54.91089
  pitch: 40.200012
afk: false
homes:
  home:
    world: world
    x: -339.1954179832321
    y: 64.0
    z: 434.2064643068892
    yaw: 118.060486
    pitch: 37.799995
