timestamps:
  login: 1643826351838
  logout: 1643826418914
ipAddress: 127.0.0.1
lastlocation:
  world: world
  x: -207.5
  y: 68.0
  z: 267.5
  yaw: 0.0
  pitch: 0.0
logoutlocation:
  world: world
  x: -210.5
  y: 67.0
  z: 249.5
  yaw: 0.76009536
  pitch: 87.01758
