timestamps:
  login: 1643651388189
  logout: 1643651604753
ipAddress: 127.0.0.1
lastlocation:
  world: world
  x: -195.5
  y: 70.0
  z: 236.5
  yaw: 0.0
  pitch: 0.0
logoutlocation:
  world: world
  x: -104.18619758206417
  y: 70.0
  z: 233.24387992132938
  yaw: -159.88995
  pitch: 27.749994
