timestamps:
  login: 1645998385014
  logout: 1645998432345
ipAddress: 127.0.0.1
lastlocation:
  world: world
  x: -217.5
  y: 66.0
  z: 246.5
  yaw: 0.0
  pitch: 0.0
logoutlocation:
  world: world
  x: -211.5
  y: 67.0
  z: 249.5
  yaw: -2.2399013
  pitch: 0.91757107
