timestamps:
  login: 1646152323400
  logout: 1646152418503
ipAddress: 127.0.0.1
lastlocation:
  world: world
  x: -186.5
  y: 70.0
  z: 231.5
  yaw: 0.0
  pitch: 0.0
logoutlocation:
  world: world
  x: -392.731804595072
  y: 65.0
  z: 279.5266049127754
  yaw: 65.11011
  pitch: 15.617573
