timestamps:
  login: 1646181509027
  logout: 1646181564529
ipAddress: 127.0.0.1
lastlocation:
  world: world
  x: -209.5
  y: 68.0
  z: 243.5
  yaw: 0.0
  pitch: 0.0
logoutlocation:
  world: world
  x: -210.5
  y: 67.0
  z: 250.5
  yaw: -1.7899013
  pitch: 1.3675711
