timestamps:
  login: 1646143729638
  logout: 1646143760688
ipAddress: 127.0.0.1
lastlocation:
  world: world
  x: -210.5
  y: 68.0
  z: 249.5
  yaw: -1.4899013
  pitch: -4.6324296
logoutlocation:
  world: world
  x: -210.49250382019562
  y: 70.0
  z: 249.91426754124666
  yaw: -2.8399014
  pitch: 0.167571
