timestamps:
  login: 1643640981851
ipAddress: 127.0.0.1
lastlocation:
  world: world
  x: -201.40389059807106
  y: 71.0
  z: 226.10900499636247
  yaw: -134.53992
  pitch: 15.317573
