timestamps:
  login: 1646421818969
  logout: 1646421879185
ipAddress: 127.0.0.1
lastlocation:
  world: world
  x: -202.5
  y: 67.0
  z: 257.5
  yaw: 0.0
  pitch: 0.0
logoutlocation:
  world: world
  x: -210.5
  y: 64.0
  z: 249.5
  yaw: -2.5399013
  pitch: 1.067571
