timestamps:
  login: 1643650196503
  logout: 1643650229532
ipAddress: 127.0.0.1
lastlocation:
  world: world
  x: -191.5
  y: 69.0
  z: 265.5
  yaw: 0.0
  pitch: 0.0
logoutlocation:
  world: world
  x: -207.30000001192093
  y: 57.93612497923646
  z: 249.69999998807907
  yaw: 98.11011
  pitch: -25.33243
