timestamps:
  login: 1646412550979
  logout: 1646409711022
ipAddress: 127.0.0.1
lastlocation:
  world: world
  x: -225.5
  y: 69.0
  z: 252.5
  yaw: 0.0
  pitch: 0.0
logoutlocation:
  world: world
  x: -170.69194956256564
  y: 33.0
  z: 354.33950899060596
  yaw: 78.76019
  pitch: 7.0499916
