timestamps:
  login: 1643732528028
  logout: 1643732645676
ipAddress: 127.0.0.1
lastlocation:
  world: world
  x: -227.5
  y: 67.0
  z: 228.5
  yaw: 0.0
  pitch: 0.0
logoutlocation:
  world: world
  x: -203.61302894155725
  y: 69.0
  z: 242.02619612472643
  yaw: -68.239914
  pitch: 9.617574
