timestamps:
  login: 1646143941205
ipAddress: 127.0.0.1
lastlocation:
  world: world
  x: -207.5
  y: 74.0
  z: 254.5
  yaw: 0.0
  pitch: 0.0
logoutlocation:
  world: world
  x: -211.5
  y: 69.0
  z: 249.5
  yaw: -2.2399013
  pitch: 0.91757107
