timestamps:
  login: 1646242765457
ipAddress: 127.0.0.1
lastlocation:
  world: world
  x: -222.60214536973388
  y: 64.0
  z: 193.18355732009397
  yaw: 278.41013
  pitch: 12.617572
