timestamps:
  login: 1643650284776
  logout: 1643650344463
ipAddress: 127.0.0.1
lastlocation:
  world: world
  x: -229.5
  y: 67.0
  z: 232.5
  yaw: 0.0
  pitch: 0.0
logoutlocation:
  world: world
  x: -210.5
  y: 64.0
  z: 249.5
  yaw: -0.5899048
  pitch: 88.36758
