timestamps:
  login: 1646428153389
ipAddress: 127.0.0.1
lastlocation:
  world: world
  x: -216.42339685084357
  y: 67.46136293371517
  z: 281.9565071623179
  yaw: -7.339902
  pitch: 7.8175716
