timestamps:
  login: 1646241706454
  logout: 1646242298478
ipAddress: 127.0.0.1
lastlocation:
  world: world
  x: -204.09548560498837
  y: 68.14392225279029
  z: 257.30000001192093
  yaw: 114.01013
  pitch: 23.717573
logoutlocation:
  world: world
  x: -167.744080083167
  y: 62.0
  z: 196.6979068985612
  yaw: 181.66016
  pitch: 14.267572
