timestamps:
  login: 1643646219460
  logout: 1643646557912
ipAddress: 127.0.0.1
lastlocation:
  world: world
  x: -200.90171232093104
  y: 69.0
  z: 244.31094234338394
  yaw: -109.03992
  pitch: 14.117573
logoutlocation:
  world: world
  x: -131.69999998807907
  y: 75.0
  z: 272.300000011921
  yaw: 343.51013
  pitch: 44.849995
