timestamps:
  login: 1646951580879
  logout: 1646951670492
  lastteleport: 1643857089495
ipAddress: 127.0.0.1
lastlocation:
  world: world
  x: -232.5
  y: 71.0
  z: 272.5
  yaw: 0.0
  pitch: 0.0
logoutlocation:
  world: world
  x: -211.5
  y: 67.0
  z: 249.5
  yaw: -2.0899014
  pitch: 5.7175717
afk: false
