timestamps:
  login: 1643896644764
  logout: 1643896947650
  lastteleport: 1643896873452
ipAddress: 127.0.0.1
lastlocation:
  world: world
  x: -241.69999998807907
  y: 64.0
  z: -50.0363243164292
  yaw: 18.610043
  pitch: 59.699997
logoutlocation:
  world: world
  x: -210.74643994712355
  y: 68.0
  z: 247.87068268739446
  yaw: -154.48991
  pitch: 26.567574
