timestamps:
  login: 1646146411028
  logout: 1646146530967
ipAddress: 127.0.0.1
lastlocation:
  world: world
  x: -222.5
  y: 68.0
  z: 242.5
  yaw: 0.0
  pitch: 0.0
logoutlocation:
  world: world
  x: -162.49041958317926
  y: 64.0
  z: 209.30000001192093
  yaw: 244.81012
  pitch: 38.249996
