lastlocation:
  world: world
  x: -221.5
  y: 68.0
  z: 272.5
  yaw: 0.0
  pitch: 0.0
timestamps:
  login: 1643638188426
  logout: 1643638219954
ipAddress: 127.0.0.1
logoutlocation:
  world: world
  x: -210.5
  y: 67.0
  z: 249.5
  yaw: -0.5899048
  pitch: 89.41758
