timestamps:
  login: 1647804458329
  logout: 1647804465279
ipAddress: 127.0.0.1
lastlocation:
  world: world
  x: -100.5
  y: 66.0
  z: 361.5
  yaw: 0.0
  pitch: 0.0
logoutlocation:
  world: world
  x: -210.5
  y: 67.0
  z: 252.5
  yaw: -357.16858
  pitch: 17.899055
