timestamps:
  login: 1646230109672
  logout: 1646230403541
ipAddress: 127.0.0.1
lastlocation:
  world: world
  x: -187.5
  y: 69.0
  z: 270.5
  yaw: 0.0
  pitch: 0.0
logoutlocation:
  world: world
  x: -313.30000001192093
  y: 71.0
  z: 304.69999998807907
  yaw: 147.34761
  pitch: 42.599995
