timestamps:
  login: 1646078449819
  logout: 1646078595141
ipAddress: 127.0.0.1
lastlocation:
  world: world
  x: -118.35080078420572
  y: 62.08675323840387
  z: 272.61669227615266
  yaw: -9.589966
  pitch: -1.0324291
logoutlocation:
  world: world
  x: -206.41034391784797
  y: 68.0
  z: 254.16766213445095
  yaw: -111.28991
  pitch: -90.0
