timestamps:
  login: 1646159404004
  logout: 1646159510707
ipAddress: 127.0.0.1
lastlocation:
  world: world
  x: -150.85888583242541
  y: 72.0
  z: 260.35552143871564
  yaw: 128.2602
  pitch: 19.799994
logoutlocation:
  world: world
  x: -210.69999998807907
  y: 56.0
  z: 251.5882104239709
  yaw: 107.41011
  pitch: 7.367572
