timestamps:
  login: 1646922434327
  logout: 1646922472078
ipAddress: 127.0.0.1
lastlocation:
  world: world
  x: -185.5
  y: 71.0
  z: 245.5
  yaw: 0.0
  pitch: 0.0
logoutlocation:
  world: world
  x: -210.5
  y: 67.0
  z: 249.5
  yaw: -2.2399013
  pitch: 0.91757107
