timestamps:
  login: 1646370549038
  logout: 1646370594448
ipAddress: 127.0.0.1
lastlocation:
  world: world
  x: 115.14039346824705
  y: 80.0
  z: 223.12861390226044
  yaw: 246.46011
  pitch: 53.1
logoutlocation:
  world: world
  x: -356.24647895514966
  y: 97.0
  z: 182.18591794924555
  yaw: 183.01016
  pitch: 58.199997
