timestamps:
  login: 1646267725984
  logout: 1646262500966
ipAddress: 127.0.0.1
lastlocation:
  world: world
  x: -235.5
  y: 71.0
  z: 264.5
  yaw: 0.0
  pitch: 0.0
logoutlocation:
  world: world
  x: -210.5
  y: 67.0
  z: 249.5
  yaw: -3.1399014
  pitch: 2.7175713
