timestamps:
  login: 1646422834086
  logout: 1646423175112
  lastteleport: 1646421626456
ipAddress: 127.0.0.1
lastlocation:
  world: world
  x: -210.49250382019562
  y: 65.0
  z: 249.91426754124666
  yaw: -2.2399013
  pitch: 0.91757107
logoutlocation:
  world: world
  x: -177.29261974630765
  y: 65.0
  z: -638.2696555409539
  yaw: -356.12555
  pitch: 58.499996
