timestamps:
  login: 1647356612065
  logout: 1647356952535
ipAddress: 127.0.0.1
lastlocation:
  world: world
  x: -216.5
  y: 68.0
  z: 271.5
  yaw: 0.0
  pitch: 0.0
logoutlocation:
  world: world
  x: 32.859138695334934
  y: 81.0
  z: 551.4040643077053
  yaw: 24.216352
  pitch: 41.549995
