timestamps:
  login: 1646920859806
  logout: 1646920917779
ipAddress: 127.0.0.1
lastlocation:
  world: world
  x: -236.5
  y: 68.0
  z: 227.5
  yaw: 0.0
  pitch: 0.0
logoutlocation:
  world: world
  x: -210.5
  y: 64.0
  z: 249.5
  yaw: 3.3100991
  pitch: 1.6675712
