timestamps:
  login: 1643730813531
  logout: 1643731088177
ipAddress: 127.0.0.1
lastlocation:
  world: world
  x: -65.90351271743066
  y: 58.0
  z: 428.53150460366095
  yaw: 202.06006
  pitch: 62.699997
logoutlocation:
  world: world
  x: -65.90351271743066
  y: 58.0
  z: 428.53150460366095
  yaw: 202.06006
  pitch: 62.699997
