timestamps:
  login: 1646185064763
  lastteleport: 1646187951571
  logout: 1646187956458
ipAddress: 127.0.0.1
lastlocation:
  world: world
  x: -210.49250382019562
  y: 67.0
  z: 249.91426754124666
  yaw: -2.2399013
  pitch: 0.91757107
logoutlocation:
  world: world
  x: -225.50498798333308
  y: 68.0
  z: 83.39427499332692
  yaw: -241.19012
  pitch: 16.199993
