timestamps:
  login: 1644938822876
  logout: 1644939409059
ipAddress: 127.0.0.1
lastlocation:
  world: world
  x: -211.5
  y: 67.0
  z: 274.5
  yaw: 0.0
  pitch: 0.0
afk: false
logoutlocation:
  world: world
  x: -198.30000001192093
  y: 69.0
  z: 263.3804536533666
  yaw: 215.8601
  pitch: -8.9824295
