timestamps:
  login: 1646232017186
  logout: 1646232037976
ipAddress: 127.0.0.1
lastlocation:
  world: world
  x: -227.5
  y: 70.0
  z: 260.5
  yaw: 0.0
  pitch: 0.0
logoutlocation:
  world: world
  x: -210.5
  y: 67.0
  z: 249.5
  yaw: -2.2399013
  pitch: 0.91757107
