timestamps:
  login: 1646416166907
  logout: 1646416207349
ipAddress: 127.0.0.1
lastlocation:
  world: world
  x: -221.5
  y: 66.0
  z: 245.5
  yaw: 0.0
  pitch: 0.0
logoutlocation:
  world: world
  x: -225.62530592589542
  y: 68.0
  z: 235.59121852386966
  yaw: 181.39789
  pitch: -72.30001
