timestamps:
  login: 1645416770861
  logout: 1645416793143
ipAddress: 127.0.0.1
lastlocation:
  world: world
  x: -203.5
  y: 70.0
  z: 223.5
  yaw: 0.0
  pitch: 0.0
logoutlocation:
  world: world
  x: -210.5
  y: 67.0
  z: 249.5
  yaw: -0.9733795
  pitch: 89.33411
