timestamps:
  login: 1646285020504
  logout: 1646285025961
ipAddress: 127.0.0.1
lastlocation:
  world: world
  x: -215.5
  y: 69.0
  z: 237.5
  yaw: 0.0
  pitch: 0.0
logoutlocation:
  world: world
  x: -210.5
  y: 67.0
  z: 249.5
  yaw: -2.3899014
  pitch: 1.6675712
