timestamps:
  login: 1646286160239
  logout: 1646286211120
ipAddress: 127.0.0.1
lastlocation:
  world: world
  x: -208.5
  y: 70.0
  z: 230.5
  yaw: 0.0
  pitch: 0.0
logoutlocation:
  world: world
  x: -217.54277222279217
  y: 66.0
  z: 256.09138256557964
  yaw: 127.51011
  pitch: -81.582436
