timestamps:
  login: 1646066934480
  logout: 1646067618568
ipAddress: 127.0.0.1
lastlocation:
  world: world
  x: -172.51314518838578
  y: 72.58230961125521
  z: 254.06241385780984
  yaw: -139.78992
  pitch: 24.167574
logoutlocation:
  world: world
  x: -210.49250382019562
  y: 68.0
  z: 249.91426754124666
  yaw: -2.2399013
  pitch: 0.91757107
