timestamps:
  login: 1646167294501
  logout: 1646167347701
  lastteleport: 1646167344604
ipAddress: 127.0.0.1
lastlocation:
  world: world
  x: -210.49250382019562
  y: 70.0
  z: 249.91426754124666
  yaw: -2.2399013
  pitch: 0.91757107
logoutlocation:
  world: world
  x: -199.55845721421193
  y: 70.0
  z: 192.69999998807907
  yaw: -123.58981
  pitch: 26.117577
afk: false
