timestamps:
  login: 1643666668124
  logout: 1643666619523
  lastteleport: 1643664043689
ipAddress: 127.0.0.1
lastlocation:
  world: world
  x: -416.53217263523806
  y: 63.0
  z: 199.30000001192093
  yaw: 29.452637
  pitch: 52.199997
logoutlocation:
  world: world
  x: -442.50277709690806
  y: 74.0155550727022
  z: 282.8021043043542
  yaw: -313.44724
  pitch: 13.799993
afk: false
