timestamps:
  login: 1643640033832
  logout: 1643640074300
  lastteleport: 1643639606379
ipAddress: 127.0.0.1
lastlocation:
  world: world
  x: -172.69999998807907
  y: 62.16629853574651
  z: 191.69999998807907
  yaw: -137.1
  pitch: 4.6500006
logoutlocation:
  world: world
  x: -216.46909838824493
  y: 69.0
  z: 236.6370054410286
  yaw: 52.660133
  pitch: 23.999994
