timestamps:
  login: 1643651159328
  logout: 1643651039976
ipAddress: 127.0.0.1
lastlocation:
  world: world
  x: -223.5
  y: 69.0
  z: 245.5
  yaw: 0.0
  pitch: 0.0
logoutlocation:
  world: world
  x: -210.5
  y: 64.0
  z: 249.5
  yaw: -0.5899048
  pitch: 89.41758
