timestamps:
  login: 1645647601512
  logout: 1645647783823
ipAddress: 127.0.0.1
lastlocation:
  world: world
  x: -218.5
  y: 68.0
  z: 242.5
  yaw: 0.0
  pitch: 0.0
logoutlocation:
  world: world
  x: 62.68644901568049
  y: 72.0
  z: 226.00407650804718
  yaw: 101.44192
  pitch: 32.834637
