timestamps:
  login: 1646272729043
  logout: 1646272764593
ipAddress: 127.0.0.1
lastlocation:
  world: world
  x: -208.5
  y: 75.0
  z: 253.5
  yaw: 0.0
  pitch: 0.0
logoutlocation:
  world: world
  x: -216.69999998807907
  y: 53.0
  z: 247.30000001192093
  yaw: 233.71011
  pitch: -2.4000082
