world: world
x: -210.24853957416155
y: 67.0
z: 249.66189188906145
yaw: -4.7478027
pitch: 37.27409
name: spawn
